target,fingerprint,model,resampling,optimized_for,best_params,val_selection,val_n,val_accuracy,val_f1_weighted,val_f1_macro,val_roc_auc,val_pr_auc,final_train_accuracy,final_train_f1_weighted,final_train_f1_macro,final_train_roc_auc,final_train_pr_auc,final_train_n,final_test_accuracy,final_test_f1_weighted,final_test_f1_macro,final_test_roc_auc,final_test_pr_auc,final_test_n,training_time,refit_time,run_date
NR-AR,atom_pair,BalancedRandomForest,none,f1_weighted,"{'max_depth': 10, 'max_features': 'log2', 'min_samples_leaf': 20, 'n_estimators': 100}",0.5985703793918532,1421,0.9831104855735396,0.98118253920473,0.7956865564342199,0.8533627558194031,0.5985703793918532,0.8842561707805203,0.913088593913634,0.6179552294440497,0.8569843022968022,0.5896319643402655,5996.0,0.9031890660592256,0.9338632732710184,0.5074415074415075,0.6252607184241019,0.1106137930762563,878.0,0.7522909641265869,0.5377700328826904,2026-04-21T21:46:48.739886+00:00
NR-AR,atom_pair,RandomForest,random_over,f1_weighted,"{'max_depth': 5, 'max_features': 'log2', 'min_samples_leaf': 5, 'n_estimators': 100}",0.557208481816501,1421,0.983814215341309,0.9806685337101376,0.7788955262249944,0.8190517106702078,0.557208481816501,0.8301282051282052,0.8266508863712366,0.8266508863712366,0.9160778201838492,0.933243117358048,11544.0,0.9601366742596812,0.9653563519968796,0.562966650074664,0.6675164156044804,0.0951273179553258,878.0,0.3218069076538086,0.3672831058502197,2026-04-21T16:05:07.905610+00:00
NR-AR,atom_pair,RandomForest,random_under,f1_weighted,"{'max_depth': 5, 'max_features': 'log2', 'min_samples_leaf': 5, 'n_estimators': 200}",0.5797113642225209,1421,0.984517945109078,0.9820797715328426,0.7996231155778895,0.8528745508514293,0.5797113642225209,0.8705357142857143,0.8644585388771436,0.8421423537702608,0.9013173628826532,0.88082078439038,672.0,0.9453302961275628,0.9570936688892516,0.5414544979762371,0.6197759752800309,0.0846422994893705,878.0,0.4433789253234863,0.2807610034942627,2026-04-21T16:05:07.905306+00:00
NR-AR,atom_pair,RandomForest,smote,f1_weighted,"{'max_depth': 5, 'max_features': 'sqrt', 'min_samples_leaf': 5, 'n_estimators': 100}",0.3712931171011167,1421,0.9831104855735396,0.9791295931474062,0.755702005730659,0.5512127011404468,0.3712931171011167,0.8233714483714484,0.8183410915309624,0.8183410915309624,0.9630922802700348,0.9665765158145856,11544.0,0.9760820045558086,0.9737247486212164,0.5739341421143848,0.5946697566628042,0.0795643552859586,878.0,1.138922929763794,1.0224287509918213,2026-04-21T16:05:07.905197+00:00
NR-AR,atom_pair,RandomForest,smoteenn,f1_weighted,"{'max_depth': 5, 'max_features': 'sqrt', 'min_samples_leaf': 5, 'n_estimators': 100}",0.3728356669449187,1421,0.9831104855735396,0.9791295931474062,0.755702005730659,0.5484689892204343,0.3728356669449187,0.8238414050952091,0.8186384005282001,0.8185222379132565,0.9661228020453017,0.9688142473387712,11501.0,0.9760820045558086,0.9737247486212164,0.5739341421143848,0.6155272305909618,0.0934959773835421,878.0,1.15805983543396,0.924168825149536,2026-04-21T16:05:24.392997+00:00
NR-AR,atom_pair,LogisticRegression,smoten,f1_weighted,"{'C': 0.001, 'l1_ratio': 1.0}",0.3789319524346747,1421,0.9831104855735396,0.98045065985401,0.7814070351758794,0.7151324011873145,0.3789319524346747,0.7778932778932779,0.7728746199334436,0.7728746199334435,0.7778932778932779,0.7488432902634086,11544.0,0.9362186788154896,0.9515999054454808,0.5168238993710692,0.5417535728080339,0.0207323040580443,878.0,0.2011561393737793,0.226917028427124,2026-04-21T08:28:35.638259+00:00
NR-AR,atom_pair,LogisticRegression,smoten_enn,f1_weighted,"{'C': 0.001, 'l1_ratio': 1.0}",0.3789319524346747,1421,0.9831104855735396,0.98045065985401,0.7814070351758794,0.7151324011873145,0.3789319524346747,0.781751570132589,0.776877241998509,0.7766414824756998,0.7807340693848073,0.7495204720040821,11464.0,0.9362186788154896,0.9515999054454808,0.5168238993710692,0.5417535728080339,0.0207323040580443,878.0,0.1795039176940918,0.2078509330749511,2026-04-21T08:28:39.317202+00:00
NR-AR,avalon,BernoulliNB,none,f1_weighted,{'alpha': 0.1},0.5932867844135828,1421,0.9859254046446164,0.9840245253868491,0.8239942528735632,0.8608908764255585,0.5932867844135828,0.8448965977318212,0.8884745697765043,0.5769145325292078,0.8062285757598258,0.1665600418043685,5996.0,0.8052391799544419,0.877143036930097,0.4733385951065509,0.5649285438393201,0.0304710068016981,878.0,0.0096569061279296,0.0028231143951416,2026-04-21T14:01:12.359505+00:00
NR-AR,avalon,BernoulliNB,random_over,f1_weighted,{'alpha': 0.1},0.5919510994113907,1421,0.984517945109078,0.982750660937669,0.8127126767313684,0.8599925792844868,0.5919510994113907,0.7569300069300069,0.7550098452987084,0.7550098452987084,0.8041029194875349,0.7956362348711739,11544.0,0.7995444191343963,0.8736474972304296,0.4708307650160948,0.5647354190807261,0.0296480823540963,878.0,0.0764741897583007,0.0585770606994628,2026-04-21T14:01:12.933684+00:00
NR-AR,avalon,BernoulliNB,random_under,f1_weighted,{'alpha': 10.0},0.5668787383192132,1421,0.984517945109078,0.982750660937669,0.8127126767313684,0.8659193875956883,0.5668787383192132,0.7901785714285714,0.7898213995575609,0.7631525665221033,0.8063865194515307,0.6749094865603061,672.0,0.7687927107061503,0.8544035446422817,0.4576932321950715,0.5565469293163383,0.0259941902548495,878.0,0.0215640068054199,0.0014212131500244,2026-04-21T14:01:14.168165+00:00
NR-AR,avalon,BernoulliNB,smote,f1_weighted,{'alpha': 0.1},0.4640033685783193,1421,0.984517945109078,0.9813039353957836,0.7845188861317893,0.6986506014685205,0.4640033685783193,0.786036036036036,0.7808848613177874,0.7808848613177874,0.8193365682970674,0.8349390761556129,11544.0,0.9328018223234624,0.9501982117679048,0.5287085475139881,0.5404016994978755,0.0361448861733815,878.0,0.0676779747009277,0.0561082363128662,2026-04-21T14:01:14.589050+00:00
NR-AR,avalon,BernoulliNB,smoteenn,f1_weighted,{'alpha': 10.0},0.4697494767776352,1421,0.984517945109078,0.9813039353957836,0.7845188861317893,0.7313212779253242,0.4697494767776352,0.7937050675083289,0.7890171725594269,0.7886205266348725,0.8164997450141221,0.8326290999245889,11406.0,0.9328018223234624,0.9501982117679048,0.5287085475139881,0.5589803012746234,0.0358361235168999,878.0,0.0663099288940429,0.0489988327026367,2026-04-21T14:01:23.621257+00:00
NR-AR,avalon,BernoulliNB,smoten,f1_weighted,{'alpha': 50.0},0.4619919788185377,1421,0.983814215341309,0.9802311712809514,0.7703894169634891,0.689413763474457,0.4619919788185377,0.7908870408870409,0.7859914286649001,0.7859914286649001,0.8422270523362,0.8483800132178873,11544.0,0.9373576309794988,0.9527021184322986,0.532956139078292,0.5475859405175744,0.035998477804035,878.0,0.0794329643249511,0.0675458908081054,2026-04-21T14:01:18.964004+00:00
NR-AR,avalon,BernoulliNB,smoten_enn,f1_weighted,{'alpha': 50.0},0.4578458406836253,1421,0.9831104855735396,0.9791295931474062,0.755702005730659,0.6740450710826433,0.4578458406836253,0.7974506722542344,0.7927586138888376,0.7925069540241858,0.8530721445188183,0.8557625302290595,11454.0,0.938496583143508,0.9533284802509993,0.5340801886792453,0.5448435689455389,0.0365332534833793,878.0,0.0863497257232666,0.0559720993041992,2026-04-21T14:01:26.718824+00:00
NR-AR,erg,BalancedRandomForest,none,f1_weighted,"{'max_depth': 5, 'max_features': 'sqrt', 'min_samples_leaf': 20, 'n_estimators': 100}",0.5897284031580764,1421,0.983814215341309,0.9821273314349088,0.8073402066717362,0.8542024683643182,0.5897284031580764,0.9066044029352902,0.927390028620517,0.6515080877075066,0.8792995433620434,0.6263753549458605,5996.0,0.9236902050113897,0.9455617453002132,0.5334047194130478,0.6202780996523755,0.0915302168726333,878.0,0.7459793090820312,0.4344906806945801,2026-04-21T21:46:48.741387+00:00
NR-AR,erg,XGBoost,random_over,f1_weighted,"{'colsample_bytree': 0.8, 'learning_rate': 0.05, 'max_depth': 3, 'min_child_weight': 10, 'n_estimators': 100, 'scale_pos_weight': 1, 'subsample': 0.8}",0.4672637136315661,1421,0.9831104855735397,0.9800433770368254,0.7734736170891121,0.7409877362912045,0.4672637136315661,0.8916320166320166,0.8911388401497067,0.8911388401497067,0.9529196105989245,0.9630538684262412,11544.0,0.958997722095672,0.9640035363269989,0.5395104895104895,0.7120509849362688,0.07401225206359022,878.0,0.5958020687103271,0.8599691390991211,2026-04-29T21:01:36.098266+00:00
NR-AR,erg,RandomForest,random_under,f1_weighted,"{'max_depth': 10, 'max_features': 'sqrt', 'min_samples_leaf': 20, 'n_estimators': 100}",0.573223193182432,1421,0.9831104855735396,0.98118253920473,0.7956865564342199,0.8507655053897829,0.573223193182432,0.8497023809523809,0.8443701847210618,0.8199944305207463,0.8933304767219388,0.8692271699445109,672.0,0.9157175398633256,0.9411322001627198,0.5266777398956786,0.6357280803398996,0.0708336529831758,878.0,0.206334114074707,0.188040018081665,2026-04-21T16:07:44.738730+00:00
NR-AR,erg,DecisionTree,smote,f1_weighted,"{'ccp_alpha': 0.0, 'criterion': 'gini', 'max_depth': 10, 'min_samples_leaf': 10}",0.3992267436754818,1421,0.9831104855735396,0.9796042931590366,0.7649296939619521,0.6825203093266676,0.3992267436754818,0.967082467082467,0.967074102184732,0.9670741021847318,0.9929676097815392,0.992536429937422,11544.0,0.958997722095672,0.9640035363269988,0.5395104895104895,0.6168791039011201,0.0609405962929171,878.0,0.3205549716949463,0.3226771354675293,2026-04-22T07:17:20.858048+00:00
NR-AR,erg,RandomForest,smoteenn,f1_weighted,"{'max_depth': 5, 'max_features': 'sqrt', 'min_samples_leaf': 5, 'n_estimators': 200}",0.4971232267259148,1421,0.9831104855735396,0.9791295931474062,0.755702005730659,0.828347133260428,0.4971232267259148,0.9050313909275798,0.9041435516729412,0.9039297789015888,0.9648900873616424,0.9732376615079916,11309.0,0.9726651480637812,0.9717047221318292,0.564484126984127,0.692275009656238,0.1138757302184214,878.0,0.94598388671875,0.7529981136322021,2026-04-21T16:07:59.117214+00:00
NR-AR,erg,RandomForest,smoten,f1_weighted,"{'max_depth': 5, 'max_features': 'log2', 'min_samples_leaf': 5, 'n_estimators': 100}",0.3667323897652062,1421,0.9831104855735396,0.9791295931474062,0.755702005730659,0.4902554288392439,0.3667323897652062,0.8000693000693001,0.7923483070459827,0.7923483070459827,0.9667215592371518,0.966713019462643,11544.0,0.9726651480637812,0.9717047221318292,0.564484126984127,0.5956353804557745,0.1182641260057523,878.0,0.336683988571167,0.3809070587158203,2026-04-21T16:08:01.222784+00:00
NR-AR,erg,RandomForest,smoten_enn,f1_weighted,"{'max_depth': 5, 'max_features': 'log2', 'min_samples_leaf': 5, 'n_estimators': 100}",0.371168471280825,1421,0.9831104855735396,0.9791295931474062,0.755702005730659,0.4938095610060928,0.371168471280825,0.8666544555362212,0.8634840090293906,0.8620397458611917,0.984627438411196,0.9837882382438976,10919.0,0.9749430523917996,0.9730445624529656,0.5705646954201867,0.6194669756662804,0.1563867269428832,878.0,0.417665958404541,0.242394208908081,2026-04-21T16:08:08.548724+00:00
NR-AR,estate,RUSBoost,none,f1_weighted,"{'learning_rate': 0.005, 'n_estimators': 50, 'sampling_strategy': 'auto'}",0.6149263383468293,1421,0.9831104855735396,0.9815124686249048,0.8021350661406359,0.896520074988283,0.6149263383468293,0.9169446297531688,0.9343053902259036,0.6725730557076087,0.9012945809820808,0.5625871750724651,5996.0,0.9316628701594531,0.949572418119816,0.5277030661646046,0.6642332947083815,0.0881484415441938,878.0,0.1554269790649414,0.2125482559204101,2026-04-29T18:00:31.294748+00:00
NR-AR,estate,DecisionTree,random_over,f1_weighted,"{'ccp_alpha': 0.0, 'criterion': 'gini', 'max_depth': 5, 'min_samples_leaf': 10}",0.4763683406359061,1421,0.9831104855735396,0.98045065985401,0.7814070351758794,0.6768473675988127,0.4763683406359061,0.8504851004851005,0.850273476170459,0.8502734761704589,0.9060023711141174,0.8968409127044472,11544.0,0.8724373576309795,0.917114034973972,0.5140733712839974,0.702008497489378,0.063049391458241,878.0,0.0258598327636718,0.0238921642303466,2026-04-22T07:17:39.706364+00:00
NR-AR,estate,DecisionTree,random_under,f1_weighted,"{'ccp_alpha': 0.0, 'criterion': 'gini', 'max_depth': 10, 'min_samples_leaf': 20}",0.485736167267175,1421,0.984517945109078,0.9817064289504231,0.7923508156650194,0.751581784096235,0.485736167267175,0.8318452380952381,0.8298674003592036,0.8065497344185869,0.8924435985331634,0.8394623641551846,672.0,0.878132118451025,0.920207528377408,0.5100931879455369,0.6246040942448823,0.0593538563538865,878.0,0.0054597854614257,0.0021781921386718,2026-04-22T07:17:40.435323+00:00
NR-AR,estate,DecisionTree,smote,f1_weighted,"{'ccp_alpha': 0.01, 'criterion': 'gini', 'max_depth': 5, 'min_samples_leaf': 10}",0.518339502117123,1421,0.983814215341309,0.9806685337101376,0.7788955262249944,0.8108010467114513,0.518339502117123,0.8666839916839917,0.8663500984386585,0.8663500984386585,0.9131489707763096,0.8999612503221843,11544.0,0.9168564920273348,0.9417655332550108,0.5275916712732633,0.7158362302047122,0.0518166674644706,878.0,0.0331661701202392,0.0327630043029785,2026-04-22T07:17:41.234158+00:00
NR-AR,estate,DecisionTree,smoteenn,f1_weighted,"{'ccp_alpha': 0.0, 'criterion': 'entropy', 'max_depth': 10, 'min_samples_leaf': 10}",0.4438956883388393,1421,0.983814215341309,0.9806685337101376,0.7788955262249944,0.6386697391032651,0.4438956883388393,0.9677221833449964,0.967712573576518,0.9677053501263868,0.9959778105096126,0.9952562134784082,11432.0,0.9498861047835992,0.9596151329756692,0.5471043376318874,0.6889532638084201,0.0583728735268007,878.0,0.0547358989715576,0.0639221668243408,2026-04-22T07:17:42.023817+00:00
NR-AR,estate,RandomForest,smoten,f1_weighted,"{'max_depth': 5, 'max_features': 'sqrt', 'min_samples_leaf': 5, 'n_estimators': 100}",0.3923435711884557,1421,0.9831104855735396,0.9791295931474062,0.755702005730659,0.5286185752226215,0.3923435711884557,0.887993762993763,0.8870790327286315,0.8870790327286315,0.9783454242264014,0.9789597624692148,11544.0,0.9749430523917996,0.9730445624529656,0.5705646954201867,0.6561606797991503,0.1119404933167884,878.0,0.3000907897949219,0.2370848655700683,2026-04-21T16:08:49.970087+00:00
NR-AR,estate,RandomForest,smoten_enn,f1_weighted,"{'max_depth': 5, 'max_features': 'sqrt', 'min_samples_leaf': 20, 'n_estimators': 200}",0.3945406387168345,1421,0.9831104855735396,0.9791295931474062,0.755702005730659,0.5517497266052179,0.3945406387168345,0.8929895814939078,0.8919991094897064,0.8917787800030577,0.984158916887581,0.9822133683871856,11326.0,0.9749430523917996,0.9730445624529656,0.5705646954201867,0.627114716106605,0.1342970944285035,878.0,0.5358920097351074,0.2388160228729248,2026-04-21T16:08:54.954493+00:00
NR-AR,fcfp,EasyEnsemble,none,f1_weighted,"{'n_estimators': 30, 'replacement': True}",0.4149542313320383,1421,0.983814215341309,0.9802311712809514,0.7703894169634891,0.6786341977815967,0.4149542313320383,0.9629753168779186,0.9645600623108938,0.7647380699893955,0.9034489932927434,0.6555552650419213,5996.0,0.9658314350797268,0.968619219155586,0.5746124031007752,0.6809192738509077,0.1491951401554137,878.0,26.82607889175415,18.94187808036804,2026-04-21T21:47:49.191810+00:00
NR-AR,fcfp,RandomForest,random_over,f1_weighted,"{'max_depth': 15, 'max_features': 'sqrt', 'min_samples_leaf': 10, 'n_estimators': 200}",0.4219982561591915,1421,0.983814215341309,0.9802311712809514,0.7703894169634891,0.7507225433526011,0.4219982561591915,0.8903326403326404,0.889301783462783,0.889301783462783,0.9776318028007216,0.9820451338207576,11544.0,0.9749430523917996,0.9740626619541768,0.6007771164021164,0.7346465816917729,0.1211889313278029,878.0,6.030242919921875,5.876964092254639,2026-04-21T16:09:10.817528+00:00
NR-AR,fcfp,BernoulliNB,random_under,f1_weighted,{'alpha': 1.0},0.4170140578660164,1421,0.983814215341309,0.9802311712809514,0.7703894169634891,0.7219379784408686,0.4170140578660164,0.8601190476190477,0.8519283746556474,0.8264462809917356,0.8879195232780611,0.8572699189558082,672.0,0.9601366742596812,0.9653563519968796,0.562966650074664,0.6672846658941676,0.1172594378641075,878.0,0.0314760208129882,0.00661301612854,2026-04-21T14:01:33.711785+00:00
NR-AR,fcfp,LogisticRegression,smote,f1_weighted,"{'C': 0.001, 'l1_ratio': 1.0}",0.3682408657778116,1421,0.9831104855735396,0.9791295931474062,0.755702005730659,0.6756756756756757,0.3682408657778116,0.7811850311850311,0.7713687897922973,0.7713687897922972,0.7811850311850312,0.7756112450639078,11544.0,0.9749430523917996,0.9740626619541768,0.6007771164021164,0.5942062572421783,0.0598212721219554,878.0,0.1806929111480713,0.1256740093231201,2026-04-21T08:29:04.018914+00:00
NR-AR,fcfp,LogisticRegression,smoteenn,f1_weighted,"{'C': 0.001, 'l1_ratio': 1.0}",0.3682408657778116,1421,0.9831104855735396,0.9791295931474062,0.755702005730659,0.6756756756756757,0.3682408657778116,0.7937136819862652,0.7848600631999936,0.7841145796806424,0.790472524495081,0.781183898832654,11358.0,0.9749430523917996,0.9740626619541768,0.6007771164021164,0.5942062572421783,0.0598212721219554,878.0,0.1573739051818847,0.1667783260345459,2026-04-21T08:28:57.120568+00:00
NR-AR,fcfp,BernoulliNB,smoten,f1_weighted,{'alpha': 1.0},0.367409982807895,1421,0.9831104855735396,0.9791295931474062,0.755702005730659,0.4585806905171067,0.367409982807895,0.8685031185031185,0.8676216513598796,0.8676216513598796,0.968129472027601,0.9685050135804372,11544.0,0.9601366742596812,0.9646318129581436,0.541089855591894,0.5979915025106218,0.0830816064873347,878.0,0.5887839794158936,0.4577932357788086,2026-04-21T14:01:38.668008+00:00
NR-AR,fcfp,LogisticRegression,smoten_enn,f1_weighted,"{'C': 0.001, 'l1_ratio': 1.0}",0.3682408657778116,1421,0.9831104855735396,0.9791295931474062,0.755702005730659,0.6756756756756757,0.3682408657778116,0.7897816593886463,0.7807695755043754,0.7803968804383299,0.7881376479034106,0.780682126661693,11450.0,0.9749430523917996,0.9740626619541768,0.6007771164021164,0.5942062572421783,0.0598212721219554,878.0,0.1448309421539306,0.1181600093841552,2026-04-21T08:28:59.432341+00:00
NR-AR,klekota_roth,XGBoost,none,f1_weighted,"{'colsample_bytree': 0.8, 'learning_rate': 0.1, 'max_depth': 3, 'min_child_weight': 10, 'n_estimators': 200, 'scale_pos_weight': 4, 'subsample': 0.8}",0.41041241533484446,1421,0.983814215341309,0.9802311712809514,0.7703894169634891,0.6883494766442744,0.41041241533484446,0.9823215476984657,0.980897077874261,0.8574133499885137,0.9693184771309772,0.7943583003980759,5996.0,0.9783599088838268,0.9762271535144341,0.6145118428653957,0.829741212823484,0.15104136127990908,878.0,9.949464082717896,8.306563138961792,2026-04-29T21:07:28.406179+00:00
NR-AR,klekota_roth,RandomForest,random_over,f1_weighted,"{'max_depth': 5, 'max_features': 'sqrt', 'min_samples_leaf': 5, 'n_estimators': 100}",0.4946317195143377,1421,0.9831104855735396,0.9791295931474062,0.755702005730659,0.7867520699890642,0.4946317195143377,0.79495841995842,0.788501790621475,0.7885017906214751,0.9211756134833058,0.9313288746650044,11544.0,0.9612756264236902,0.9660033398643876,0.56509324009324,0.7337195828505213,0.0761884591218309,878.0,1.6350340843200684,1.5185647010803225,2026-04-21T16:10:53.701525+00:00
NR-AR,klekota_roth,XGBoost,random_under,f1_weighted,"{'colsample_bytree': 0.8, 'learning_rate': 0.05, 'max_depth': 5, 'min_child_weight': 10, 'n_estimators': 100, 'scale_pos_weight': 1, 'subsample': 0.8}",0.40141306498597545,1421,0.9831104855735397,0.9791295931474062,0.755702005730659,0.7502733947820653,0.40141306498597545,0.8556547619047619,0.8460510040997846,0.8188200958932667,0.8999422034438775,0.8769533970577337,672.0,0.9635535307517085,0.9673051432961071,0.5696342135898536,0.6302047122441097,0.08717007573693498,878.0,0.7594211101531982,0.6929850578308105,2026-04-29T21:08:02.446910+00:00
NR-AR,klekota_roth,LogisticRegression,smote,f1_weighted,"{'C': 0.01, 'l1_ratio': 1.0}",0.3852022293840282,1421,0.9831104855735396,0.9791295931474062,0.755702005730659,0.568807608186221,0.3852022293840282,0.7927927927927928,0.7860457092698085,0.7860457092698085,0.9277928276109147,0.9375462364580996,11544.0,0.9624145785876992,0.9666528522176784,0.5673132924152144,0.7683275395905755,0.0847200784341011,878.0,0.420637845993042,0.3201911449432373,2026-04-21T08:29:07.939283+00:00
NR-AR,klekota_roth,BernoulliNB,smoteenn,f1_weighted,{'alpha': 0.1},0.3676057647308892,1421,0.9831104855735396,0.9791295931474062,0.755702005730659,0.522769879706296,0.3676057647308892,0.7964320409785393,0.791643008926126,0.7909844052649044,0.9065042378409338,0.9007425541623147,11323.0,0.9476082004555808,0.9577794572018364,0.5265181711606096,0.6079181151023562,0.0390583863730441,878.0,0.7088179588317871,0.7541172504425049,2026-04-21T14:01:50.262625+00:00
NR-AR,klekota_roth,BernoulliNB,smoten,f1_weighted,{'alpha': 0.1},0.3679578797830657,1421,0.9831104855735396,0.9791295931474062,0.755702005730659,0.5208365880331198,0.3679578797830657,0.7796257796257796,0.773302413633651,0.773302413633651,0.9305215628630388,0.9212265585479784,11544.0,0.94874715261959,0.9583986906931744,0.5276353071984505,0.5994206257242178,0.0396770599486356,878.0,0.8245980739593506,0.7207460403442383,2026-04-21T14:01:53.137760+00:00
NR-AR,klekota_roth,BernoulliNB,smoten_enn,f1_weighted,{'alpha': 0.1},0.367355025401875,1421,0.9831104855735396,0.9791295931474062,0.755702005730659,0.5006639587564443,0.367355025401875,0.7892439322507421,0.7830339095942223,0.782738506825149,0.9495903587772648,0.9389515773965714,11454.0,0.9533029612756264,0.9608811091925178,0.5324631469575947,0.5555426805716492,0.0449724752446317,878.0,0.6477251052856445,0.522226095199585,2026-04-21T14:01:55.416346+00:00
NR-AR,maccs,BernoulliNB,none,f1_weighted,{'alpha': 50.0},0.5506375950597499,1421,0.9852216748768472,0.982349530778821,0.7981220022054296,0.8481291985627246,0.5506375950597499,0.9379586390927284,0.9460951925506912,0.6836440379880409,0.8063902243589745,0.4324282359095505,5996.0,0.9453302961275628,0.9565421264224564,0.5243770314192849,0.5250675936655079,0.0423930755521777,878.0,0.0069801807403564,0.0014011859893798,2026-04-21T14:01:56.013785+00:00
NR-AR,maccs,LogisticRegression,random_over,f1_weighted,"{'C': 0.01, 'l1_ratio': 1.0}",0.5209165400758908,1421,0.983814215341309,0.9814499457601206,0.7941163501212636,0.7918879862521482,0.5209165400758908,0.7853430353430353,0.7831838799949358,0.7831838799949358,0.8747346919124466,0.8953713294011966,11544.0,0.9043280182232346,0.9350551436913388,0.5279207312389584,0.650714561606798,0.0787534647187012,878.0,0.0595080852508544,0.0549120903015136,2026-04-21T08:29:16.423765+00:00
NR-AR,maccs,DecisionTree,random_under,f1_weighted,"{'ccp_alpha': 0.0, 'criterion': 'gini', 'max_depth': 5, 'min_samples_leaf': 50}",0.4910886349847413,1421,0.983814215341309,0.9814499457601206,0.7941163501212636,0.7816747383221372,0.4910886349847413,0.8080357142857143,0.8103538252791984,0.7895835507775806,0.8763950892857143,0.8127640892127588,672.0,0.8041002277904328,0.8765498626630414,0.4877062527138515,0.6508304364619544,0.0487647290246983,878.0,0.009883165359497,0.0033378601074218,2026-04-22T07:22:19.643561+00:00
NR-AR,maccs,DecisionTree,smote,f1_weighted,"{'ccp_alpha': 0.0, 'criterion': 'gini', 'max_depth': 5, 'min_samples_leaf': 10}",0.4157785879152412,1421,0.983814215341309,0.9802311712809514,0.7703894169634891,0.6839165755350727,0.4157785879152412,0.8196465696465697,0.8195419162574938,0.819541916257494,0.8993141400235994,0.8814271155328657,11544.0,0.8861047835990888,0.9249581156972708,0.5231578032672923,0.65681730397837,0.0400851699302373,878.0,0.0933389663696289,0.0615158081054687,2026-04-22T07:22:20.835231+00:00
NR-AR,maccs,DecisionTree,smoteenn,f1_weighted,"{'ccp_alpha': 0.0, 'criterion': 'gini', 'max_depth': 5, 'min_samples_leaf': 10}",0.3938886891054483,1421,0.983814215341309,0.9802311712809514,0.7703894169634891,0.5544055616309952,0.3938886891054483,0.8270179767359888,0.8269488622196288,0.8268579464799874,0.9048390177784008,0.8849687356945595,11348.0,0.8804100227790432,0.9218797257674616,0.5267526680800604,0.7119351100811124,0.0542132280915752,878.0,0.0826201438903808,0.0714249610900878,2026-04-22T07:22:21.878728+00:00
NR-AR,maccs,DecisionTree,smoten,f1_weighted,"{'ccp_alpha': 0.01, 'criterion': 'gini', 'max_depth': 5, 'min_samples_leaf': 10}",0.4187496908961292,1421,0.984517945109078,0.9813039353957836,0.7845188861317893,0.6093774410248399,0.4187496908961292,0.8599272349272349,0.8598839070453798,0.8598839070453798,0.902067082875295,0.8757358186791908,11544.0,0.8587699316628702,0.9090479087671168,0.4990890185324916,0.5647740440324449,0.0301726929185691,878.0,0.0782809257507324,0.0705339908599853,2026-04-22T07:22:27.881923+00:00
NR-AR,maccs,DecisionTree,smoten_enn,f1_weighted,"{'ccp_alpha': 0.0, 'criterion': 'entropy', 'max_depth': 5, 'min_samples_leaf': 10}",0.4481569182113646,1421,0.984517945109078,0.9813039353957836,0.7845188861317893,0.6631776284955475,0.4481569182113646,0.8703816927242554,0.8703472751589889,0.8703608987785736,0.939784593607035,0.9120256981556104,11449.0,0.8621867881548975,0.9108757599702718,0.4938227488648437,0.5164156044804944,0.0222743789998915,878.0,0.070465087890625,0.0574667453765869,2026-04-22T07:22:30.612235+00:00
NR-AR,map4,RUSBoost,none,f1_weighted,"{'learning_rate': 0.01, 'n_estimators': 200, 'sampling_strategy': 'auto'}",0.5584210269899378,1421,0.984517945109078,0.9817064289504231,0.7923508156650194,0.8259256366192782,0.5584210269899378,0.9351234156104068,0.9480323941225524,0.7342442962557341,0.9551204707454708,0.8101448517339749,5996.0,0.9328018223234624,0.9506205061471492,0.5422355363502205,0.6990343762070298,0.1622806473369479,878.0,7.436036109924316,8.19999098777771,2026-04-29T18:02:15.992196+00:00
NR-AR,map4,RandomForest,random_over,f1_weighted,"{'max_depth': 5, 'max_features': 'log2', 'min_samples_leaf': 5, 'n_estimators': 200}",0.5915431412265886,1421,0.983814215341309,0.9806685337101376,0.7788955262249944,0.8617989376659897,0.5915431412265886,0.852044352044352,0.8509257126598743,0.8509257126598743,0.9316705008622888,0.9464661849788264,11544.0,0.9373576309794988,0.9527021184322986,0.532956139078292,0.645422943221321,0.1616898538773981,878.0,1.1043190956115725,1.069655179977417,2026-04-21T16:14:18.060844+00:00
NR-AR,map4,RandomForest,random_under,f1_weighted,"{'max_depth': 10, 'max_features': 'sqrt', 'min_samples_leaf': 5, 'n_estimators': 200}",0.5631253925838164,1421,0.9831104855735396,0.9808294304642188,0.7887931034482758,0.8500429620371817,0.5631253925838164,0.9434523809523808,0.9422524314765696,0.9338527851458888,0.9804986447704082,0.9763920583078884,672.0,0.8986332574031891,0.9313279585310112,0.504787857663424,0.6383159521050599,0.1670568874526384,878.0,0.4318547248840332,0.4543821811676025,2026-04-21T16:14:32.985654+00:00
NR-AR,map4,BernoulliNB,smote,f1_weighted,{'alpha': 0.1},0.5232233015148222,1421,0.9831104855735396,0.9808294304642188,0.7887931034482758,0.8320184346195907,0.5232233015148222,0.7655058905058905,0.7606335476007839,0.7606335476007839,0.674324522427433,0.7757861462069056,11544.0,0.9009111617312072,0.9325966019356774,0.5061005179136034,0.567014291232136,0.0528670881018312,878.0,0.5932011604309082,0.2315011024475097,2026-04-21T14:02:08.084719+00:00
NR-AR,map4,BernoulliNB,smoteenn,f1_weighted,{'alpha': 0.1},0.5225174006954729,1421,0.983814215341309,0.9814499457601206,0.7941163501212636,0.8316473988439307,0.5225174006954729,0.7688564476885644,0.7640273479101007,0.7639205619199136,0.675880715564293,0.7773433984799404,11508.0,0.9020501138952164,0.9332301792802128,0.5067673494983278,0.5657396678254152,0.0603988725401511,878.0,0.2557480335235595,0.2443528175354004,2026-04-21T14:02:11.833915+00:00
NR-AR,map4,BernoulliNB,smoten,f1_weighted,{'alpha': 0.1},0.5122620893912275,1421,0.9802955665024632,0.9794475630293884,0.7890707833241444,0.8474457116075612,0.5122620893912275,0.7503465003465003,0.7472093867539386,0.7472093867539386,0.6403902703279003,0.7419018477274759,11544.0,0.856492027334852,0.907580939553683,0.4910098091539834,0.5776361529548087,0.0274111247073066,878.0,0.2657101154327392,0.2396440505981445,2026-04-21T14:02:12.730041+00:00
NR-AR,map4,BernoulliNB,smoten_enn,f1_weighted,{'alpha': 0.1},0.5079202138249881,1421,0.9817030260380014,0.9806204830409484,0.7983473059121474,0.8467134041556007,0.5079202138249881,0.7566460385252332,0.7534736395443584,0.7532957245936143,0.6423614846479258,0.7452507679404277,11473.0,0.8667425968109339,0.913499523050688,0.4961324340895157,0.5768250289687138,0.0280997923233797,878.0,0.2638900279998779,0.2023980617523193,2026-04-21T14:02:19.609991+00:00
NR-AR,mhfp,BalancedRandomForest,none,f1_weighted,"{'max_depth': 5, 'max_features': 'sqrt', 'min_samples_leaf': 5, 'n_estimators': 100}",0.3997414281261376,1421,0.9831104855735396,0.9791295931474062,0.755702005730659,0.682998750195282,0.3997414281261376,0.986324216144096,0.9868609233868962,0.9124196288105064,0.9968161413473912,0.9282447493717878,5996.0,0.9772209567198178,0.974413031927486,0.5775596612779061,0.5749710312862109,0.1455303357552414,878.0,1.2695870399475098,1.3297178745269775,2026-04-21T21:49:55.636042+00:00
NR-AR,mhfp,BernoulliNB,random_over,f1_weighted,{'alpha': 0.1},0.4357548692776636,1421,0.9831104855735396,0.9791295931474062,0.755702005730659,0.7213326042805812,0.4357548692776636,0.796084546084546,0.7885293280585952,0.7885293280585953,0.894707027113472,0.913894122829684,11544.0,0.9726651480637812,0.9726651480637812,0.5930475086906142,0.4860563924295095,0.1093204541194294,878.0,0.4859519004821777,0.4696869850158691,2026-04-21T14:02:20.292907+00:00
NR-AR,mhfp,BernoulliNB,random_under,f1_weighted,{'alpha': 0.1},0.4316276696981587,1421,0.9831104855735396,0.9791295931474062,0.755702005730659,0.735568661146696,0.4316276696981587,0.8526785714285714,0.8425280079429048,0.814457313859086,0.9106046715561226,0.8849504638763279,672.0,0.9738041002277904,0.9733600310045688,0.596789329712677,0.5025106218617227,0.11055432708245,878.0,0.0394287109375,0.0135231018066406,2026-04-21T14:02:21.622825+00:00
NR-AR,mhfp,LogisticRegression,smote,f1_weighted,"{'C': 0.01, 'l1_ratio': 0.0}",0.3773005330182716,1421,0.9817030260380014,0.976832728253348,0.7245138391791935,0.6878026870801437,0.3773005330182716,0.9927234927234928,0.9927233090369746,0.9927233090369746,0.9999000629847824,0.99990142930625,11544.0,0.9817767653758542,0.9738774120912208,0.4954022988505747,0.6311317110853611,0.0536376595407979,878.0,1.6434717178344729,1.599001169204712,2026-04-21T08:29:40.358479+00:00
NR-AR,mhfp,LogisticRegression,smoteenn,f1_weighted,"{'C': 0.01, 'l1_ratio': 0.0}",0.3679285421985476,1421,0.9817030260380014,0.976832728253348,0.7245138391791935,0.6784682080924855,0.3679285421985476,0.9944410666203424,0.9944409566532486,0.9944408669432512,0.99993211526481,0.9999331067710112,11513.0,0.9817767653758542,0.9738774120912208,0.4954022988505747,0.6321359598300502,0.0583844939770737,878.0,1.6853070259094238,1.54430890083313,2026-04-21T08:29:42.564551+00:00
NR-AR,mhfp,BernoulliNB,smoten,f1_weighted,{'alpha': 0.1},0.3849293620790575,1421,0.9824067558057706,0.977997421421252,0.740422484783387,0.606233401031089,0.3849293620790575,0.8986486486486487,0.8976363305870387,0.8976363305870387,0.9935430542888962,0.9942040122171416,11544.0,0.9829157175398632,0.9764473491883324,0.5545107059500051,0.5420625724217846,0.1143434367137416,878.0,0.5002110004425049,0.4569220542907715,2026-04-21T14:02:28.248012+00:00
NR-AR,mhfp,BernoulliNB,smoten_enn,f1_weighted,{'alpha': 0.1},0.3848848878623939,1421,0.9824067558057706,0.977997421421252,0.740422484783387,0.605374160287455,0.3848848878623939,0.8989565217391304,0.8979142108507361,0.8978739813076753,0.9952324443857266,0.9953800620841304,11500.0,0.9829157175398632,0.9764473491883324,0.5545107059500051,0.542371572035535,0.1143448640879461,878.0,0.4714362621307373,0.4372808933258056,2026-04-21T14:02:29.218385+00:00
NR-AR,morgan_2048,BalancedRandomForest,none,f1_weighted,"{'max_depth': 5, 'max_features': 'sqrt', 'min_samples_leaf': 20, 'n_estimators': 200}",0.5301419184954141,1421,0.983814215341309,0.9802311712809514,0.7703894169634891,0.6972055147633183,0.5301419184954141,0.9479653102068044,0.953777480602992,0.7201113838055415,0.8485337157212156,0.6168443057055637,5996.0,0.9555808656036446,0.9627893477684926,0.5552698227157608,0.5790652761684048,0.0947787356462626,878.0,2.400629997253418,1.9037387371063232,2026-04-21T21:51:11.643541+00:00
NR-AR,morgan_2048,RandomForest,random_over,f1_weighted,"{'max_depth': 10, 'max_features': 'log2', 'min_samples_leaf': 5, 'n_estimators': 100}",0.4282345062334124,1421,0.983814215341309,0.9802311712809514,0.7703894169634891,0.6515485861584126,0.4282345062334124,0.8046604296604296,0.7981773979435689,0.798177397943569,0.9438333413775202,0.950988429227388,11544.0,0.9703872437357632,0.9712954655962456,0.5862093967517401,0.6070297412128235,0.0860730874438973,878.0,0.6008057594299316,0.8298258781433105,2026-04-21T16:18:02.004201+00:00
NR-AR,morgan_2048,RandomForest,random_under,f1_weighted,"{'max_depth': 15, 'max_features': 'sqrt', 'min_samples_leaf': 5, 'n_estimators': 100}",0.476526556485784,1421,0.984517945109078,0.9813039353957836,0.7845188861317893,0.7284799250117169,0.476526556485784,0.8675595238095238,0.8596573787409699,0.8354097007223942,0.9296576052295918,0.9083263896420014,672.0,0.9612756264236902,0.9660033398643876,0.56509324009324,0.5611432985708767,0.07504963855826,878.0,0.2679059505462646,0.2066900730133056,2026-04-21T16:18:21.606851+00:00
NR-AR,morgan_2048,RandomForest,smote,f1_weighted,"{'max_depth': 5, 'max_features': 'sqrt', 'min_samples_leaf': 5, 'n_estimators': 100}",0.3926402858158768,1421,0.9831104855735396,0.9791295931474062,0.755702005730659,0.5628515075769411,0.3926402858158768,0.7828309078309078,0.773417257843343,0.7734172578433431,0.943995605832924,0.9503580225790508,11544.0,0.9749430523917996,0.9740626619541768,0.6007771164021164,0.615681730397837,0.0749655524966487,878.0,1.6505968570709229,0.7915780544281006,2026-04-21T16:18:33.844235+00:00
NR-AR,morgan_2048,RandomForest,smoteenn,f1_weighted,"{'max_depth': 10, 'max_features': 'sqrt', 'min_samples_leaf': 5, 'n_estimators': 100}",0.4039266336370095,1421,0.983814215341309,0.9802311712809514,0.7703894169634891,0.5465064052491798,0.4039266336370095,0.8644423093719975,0.8620761256248689,0.8619213133273641,0.974261606968142,0.9764884709542372,11449.0,0.9772209567198178,0.9754950567754234,0.6096042685638061,0.6375434530706837,0.0738818537801625,878.0,2.6621110439300537,2.0939230918884277,2026-04-21T16:18:39.100151+00:00
NR-AR,morgan_2048,RandomForest,smoten,f1_weighted,"{'max_depth': 5, 'max_features': 'sqrt', 'min_samples_leaf': 5, 'n_estimators': 100}",0.3821228743840823,1421,0.9831104855735396,0.9791295931474062,0.755702005730659,0.5511443524449304,0.3821228743840823,0.7855162855162855,0.7760449857186578,0.7760449857186578,0.974742844155526,0.9763081889360756,11544.0,0.9760820045558086,0.9747739771717712,0.605038236617184,0.6163769795287756,0.0855546524494462,878.0,1.4670991897583008,1.614694118499756,2026-04-21T16:19:34.976028+00:00
NR-AR,morgan_2048,RandomForest,smoten_enn,f1_weighted,"{'max_depth': 5, 'max_features': 'sqrt', 'min_samples_leaf': 5, 'n_estimators': 100}",0.3795968882149313,1421,0.9831104855735396,0.9791295931474062,0.755702005730659,0.536234572723012,0.3795968882149313,0.7918999300209937,0.7829880282130627,0.7825461809344048,0.9810269021399762,0.9797063074240464,11432.0,0.9760820045558086,0.9747739771717712,0.605038236617184,0.6068752414059483,0.116422716912904,878.0,1.4945452213287354,1.157815933227539,2026-04-21T16:19:40.908466+00:00
NR-AR,morgan_4096,BernoulliNB,none,f1_weighted,{'alpha': 1.0},0.5755729279635612,1421,0.984517945109078,0.9813039353957836,0.7845188861317893,0.8328386189657865,0.5755729279635612,0.956971314209473,0.9607694567349616,0.7541802927015302,0.9075671653796652,0.4872601659863331,5996.0,0.9669703872437356,0.9692816650351802,0.577288951606209,0.6322518346852066,0.0558713602582584,878.0,0.0826120376586914,0.0217530727386474,2026-04-21T14:02:46.464680+00:00
NR-AR,morgan_4096,BernoulliNB,random_over,f1_weighted,{'alpha': 10.0},0.4380048105140033,1421,0.983814215341309,0.9802311712809514,0.7703894169634891,0.6882908920481174,0.4380048105140033,0.8154885654885655,0.8098024813134165,0.8098024813134166,0.96262109502754,0.9631759367618132,11544.0,0.9749430523917996,0.9740626619541768,0.6007771164021164,0.6147547315565856,0.0773567956730982,878.0,1.1256651878356934,0.9609851837158204,2026-04-21T14:02:49.570548+00:00
NR-AR,morgan_4096,BernoulliNB,random_under,f1_weighted,{'alpha': 1.0},0.5711494829144403,1421,0.983814215341309,0.9806685337101376,0.7788955262249944,0.8200085924074364,0.5711494829144403,0.8839285714285714,0.8771320555653245,0.8559873395463338,0.9609624123086736,0.942076962964097,672.0,0.9646924829157176,0.9679604946930734,0.5720642108076663,0.6107377365778293,0.0651750956657521,878.0,0.1227788925170898,0.027360200881958,2026-04-21T14:02:53.317088+00:00
NR-AR,morgan_4096,RandomForest,smote,f1_weighted,"{'max_depth': 5, 'max_features': 'sqrt', 'min_samples_leaf': 5, 'n_estimators': 100}",0.4066364319010135,1421,0.9831104855735396,0.9791295931474062,0.755702005730659,0.6290618653335416,0.4066364319010135,0.7453222453222453,0.729499328724863,0.7294993287248629,0.9546237325603232,0.957653902127668,11544.0,0.9760820045558086,0.9747739771717712,0.605038236617184,0.5877945152568559,0.0827339394740666,878.0,2.700892925262451,1.418773889541626,2026-04-21T16:20:45.996200+00:00
NR-AR,morgan_4096,RandomForest,smoteenn,f1_weighted,"{'max_depth': 5, 'max_features': 'sqrt', 'min_samples_leaf': 5, 'n_estimators': 100}",0.4025496147974514,1421,0.9831104855735396,0.9791295931474062,0.755702005730659,0.626952819871895,0.4025496147974514,0.7541782729805014,0.7396991552318736,0.7393966065027977,0.9591350245653956,0.9600828241747416,11488.0,0.9760820045558086,0.9747739771717712,0.605038236617184,0.6159907300115876,0.0837877173513192,878.0,1.9508919715881348,2.0093982219696045,2026-04-21T16:21:22.293803+00:00
NR-AR,morgan_4096,RandomForest,smoten,f1_weighted,"{'max_depth': 15, 'max_features': 'sqrt', 'min_samples_leaf': 5, 'n_estimators': 100}",0.4002369101772914,1421,0.983814215341309,0.9802311712809514,0.7703894169634891,0.626152163724418,0.4002369101772914,0.9717602217602218,0.9717589977229162,0.9717589977229162,0.9899710001061351,0.9922710717849756,11544.0,0.9681093394077448,0.9690874244882643,0.5543793503480279,0.5929702587871766,0.0589337699705021,878.0,6.418924808502197,7.292744159698486,2026-04-21T16:21:45.747177+00:00
NR-AR,morgan_4096,RandomForest,smoten_enn,f1_weighted,"{'max_depth': 15, 'max_features': 'sqrt', 'min_samples_leaf': 5, 'n_estimators': 100}",0.4050576603268914,1421,0.983814215341309,0.9802311712809514,0.7703894169634891,0.636755975628808,0.4050576603268914,0.980641785838856,0.9806419271453106,0.9806417481571348,0.9957672938712264,0.996135898181323,11468.0,0.9715261958997722,0.971043511961488,0.5617275322963879,0.591425260718424,0.06073060751998,878.0,4.16749382019043,4.376593828201294,2026-04-21T16:22:24.328613+00:00
NR-AR,pubchem,EasyEnsemble,none,f1_weighted,"{'n_estimators': 20, 'replacement': False}",0.5460437989137704,1421,0.983814215341309,0.9818003199560276,0.8009525143577532,0.8093657241056085,0.5460437989137704,0.8757505003335557,0.9083078596167092,0.6174411457633487,0.905865987897238,0.6273354159826218,5996.0,0.8872437357630979,0.9251823399522818,0.5073649847259455,0.6509849362688296,0.1002786531615498,878.0,8.720963716506958,5.491168975830078,2026-04-21T21:56:25.279463+00:00
NR-AR,pubchem,LogisticRegression,random_over,f1_weighted,"{'C': 0.01, 'l1_ratio': 1.0}",0.5730348011157115,1421,0.9852216748768472,0.982349530778821,0.7981220022054296,0.831549757850336,0.5730348011157115,0.7911469161469161,0.7881766301637989,0.7881766301637989,0.888540602612848,0.9055307226339486,11544.0,0.917995444191344,0.9423986495669808,0.5285202863961814,0.6259173426033218,0.0893015771986349,878.0,0.1501550674438476,0.1438839435577392,2026-04-21T08:30:28.161181+00:00
NR-AR,pubchem,LogisticRegression,random_under,f1_weighted,"{'C': 0.1, 'l1_ratio': 1.0}",0.5569390426705809,1421,0.9852216748768472,0.982349530778821,0.7981220022054296,0.7915071863771286,0.5569390426705809,0.8377976190476191,0.8339735537390692,0.8094995357643504,0.8589863679846939,0.8322632173482376,672.0,0.8997722095671982,0.9322330323572192,0.5151606425702812,0.6168018539976825,0.0909315543357374,878.0,0.0227928161621093,0.0139110088348388,2026-04-21T08:30:31.125527+00:00
NR-AR,pubchem,LogisticRegression,smote,f1_weighted,"{'C': 0.001, 'l1_ratio': 1.0}",0.3426098419616698,1421,0.9824067558057706,0.977997421421252,0.740422484783387,0.608186220902984,0.3426098419616698,0.7721760221760222,0.7630962233502058,0.7630962233502057,0.7793387702431361,0.7925080210044487,11544.0,0.9567198177676538,0.9634283379426866,0.5570836873406967,0.5252993433758208,0.0332930288699257,878.0,0.0977160930633544,0.081043004989624,2026-04-21T08:30:32.226326+00:00
NR-AR,pubchem,LogisticRegression,smoteenn,f1_weighted,"{'C': 0.001, 'l1_ratio': 1.0}",0.3426098419616698,1421,0.9824067558057706,0.977997421421252,0.740422484783387,0.608186220902984,0.3426098419616698,0.7776420281001832,0.7689568494518283,0.7686178961987934,0.7832345743370888,0.7944731834662583,11459.0,0.9567198177676538,0.9634283379426866,0.5570836873406967,0.5252993433758208,0.0332930288699257,878.0,0.0951271057128906,0.0840890407562255,2026-04-21T08:30:32.496742+00:00
NR-AR,pubchem,DecisionTree,smoten,f1_weighted,"{'ccp_alpha': 0.01, 'criterion': 'entropy', 'max_depth': 5, 'min_samples_leaf': 50}",0.3704576655528647,1421,0.9831104855735396,0.9791295931474062,0.755702005730659,0.6280268708014373,0.3704576655528647,0.8453742203742204,0.8452745458042208,0.8452745458042208,0.9244889780232816,0.9063786589372091,11544.0,0.8838268792710706,0.9236559612416017,0.5215718956343356,0.6972190034762457,0.0704994458891824,878.0,0.324589729309082,0.3295271396636963,2026-04-22T07:36:41.109807+00:00
NR-AR,pubchem,DecisionTree,smoten_enn,f1_weighted,"{'ccp_alpha': 0.0, 'criterion': 'entropy', 'max_depth': 5, 'min_samples_leaf': 10}",0.368489009769798,1421,0.9831104855735396,0.9791295931474062,0.755702005730659,0.5931104514919544,0.368489009769798,0.8587402812964096,0.8586860044551011,0.8586569168661127,0.936924450712997,0.9158845932155424,11447.0,0.8883826879271071,0.9258258607912624,0.5080388793596341,0.5962533796832753,0.0394911466665452,878.0,0.3376960754394531,0.3014001846313476,2026-04-22T07:36:54.913103+00:00
NR-AR,rdkit,BalancedRandomForest,none,f1_weighted,"{'max_depth': 10, 'max_features': 'sqrt', 'min_samples_leaf': 20, 'n_estimators': 100}",0.5752445388134808,1421,0.9859254046446164,0.983708883211675,0.8178391959798995,0.8456393532260584,0.5752445388134808,0.9151100733822548,0.9326801138408946,0.6626563341607488,0.8915256688694189,0.6382239237411819,5996.0,0.9066059225512528,0.9360555156003176,0.5198346005068694,0.7145616067979916,0.119714081613342,878.0,1.0487852096557615,1.1987411975860596,2026-04-21T21:56:51.936952+00:00
NR-AR,rdkit,BernoulliNB,random_over,f1_weighted,{'alpha': 0.1},0.5430695347265347,1421,0.983814215341309,0.9818003199560276,0.8009525143577532,0.8644938290892048,0.5430695347265347,0.7596153846153846,0.757520491590935,0.757520491590935,0.806950261472091,0.7815459602856485,11544.0,0.8314350797266514,0.8928721307166637,0.4793910256410256,0.5871765160293551,0.0258555230847256,878.0,0.4936501979827881,0.3622920513153076,2026-04-21T14:03:27.708797+00:00
NR-AR,rdkit,RandomForest,random_under,f1_weighted,"{'max_depth': 5, 'max_features': 'log2', 'min_samples_leaf': 20, 'n_estimators': 200}",0.5960890107622753,1421,0.9859254046446164,0.983708883211675,0.8178391959798995,0.8618575222621466,0.5960890107622753,0.8511904761904762,0.8468249883586991,0.8235423865892213,0.8825733418367347,0.8587666549625881,672.0,0.876993166287016,0.9193653478833116,0.501555929352397,0.6609501738122827,0.1074016654196764,878.0,0.5127999782562256,0.3781247138977051,2026-04-21T16:25:55.134199+00:00
NR-AR,rdkit,BernoulliNB,smote,f1_weighted,{'alpha': 1.0},0.3668920232566982,1421,0.9831104855735396,0.9791295931474062,0.755702005730659,0.4662357444149351,0.3668920232566982,0.7776334026334026,0.7702681170791115,0.7702681170791115,0.8387944957591528,0.8467708528796866,11544.0,0.9544419134396356,0.9615035136238808,0.5337723024638913,0.5354190807261492,0.0319477743058746,878.0,0.412822961807251,0.6549451351165771,2026-04-21T14:03:30.674372+00:00
NR-AR,rdkit,BernoulliNB,smoteenn,f1_weighted,{'alpha': 50.0},0.3669891845511969,1421,0.9831104855735396,0.9791295931474062,0.755702005730659,0.4675636619278237,0.3669891845511969,0.7850205617289352,0.7781059778019679,0.7777000680768013,0.8422944129590761,0.8476013098944766,11429.0,0.9544419134396356,0.9615035136238808,0.5337723024638913,0.5330243337195828,0.0327585077620938,878.0,0.3937358856201172,0.472635269165039,2026-04-21T14:03:38.123464+00:00
NR-AR,rdkit,BernoulliNB,smoten,f1_weighted,{'alpha': 50.0},0.367881005585397,1421,0.9824067558057706,0.977997421421252,0.740422484783387,0.4662455085142947,0.367881005585397,0.7943520443520443,0.7886632216890158,0.7886632216890158,0.8830763936013416,0.8774528690387062,11544.0,0.9555808656036446,0.9621268369563978,0.5351280902537369,0.5286210892236385,0.0280617491228056,878.0,0.4584300518035888,0.4760808944702148,2026-04-21T14:03:32.897580+00:00
NR-AR,rdkit,RandomForest,smoten_enn,f1_weighted,"{'max_depth': 5, 'max_features': 'log2', 'min_samples_leaf': 5, 'n_estimators': 100}",0.36800324650209,1421,0.9831104855735396,0.9791295931474062,0.755702005730659,0.4764001718481487,0.36800324650209,0.8187931185049341,0.8132758870358698,0.8130087852520995,0.9809479417244868,0.9803950940577242,11451.0,0.9760820045558086,0.9737247486212164,0.5739341421143848,0.5955195056006181,0.067272197394056,878.0,0.4591119289398193,0.6367549896240234,2026-04-21T16:27:23.814686+00:00
NR-AR,topological_torsion,BalancedRandomForest,none,f1_weighted,"{'max_depth': 5, 'max_features': 'sqrt', 'min_samples_leaf': 20, 'n_estimators': 200}",0.5481804502831229,1421,0.9852216748768472,0.982349530778821,0.7981220022054296,0.8337857366036556,0.5481804502831229,0.9559706470980652,0.9595444400871328,0.7440291846159817,0.8614996349371349,0.6177780983320704,5996.0,0.9601366742596812,0.9653563519968796,0.562966650074664,0.5881035148706064,0.0668737260815567,878.0,2.1379337310791016,2.5698769092559814,2026-04-21T21:59:13.637954+00:00
NR-AR,topological_torsion,RandomForest,random_over,f1_weighted,"{'max_depth': 15, 'max_features': 'log2', 'min_samples_leaf': 20, 'n_estimators': 100}",0.5423673207041735,1421,0.984517945109078,0.9813039353957836,0.7845188861317893,0.8396246680206216,0.5423673207041735,0.8147089397089398,0.8099699811314565,0.8099699811314565,0.9270755442792864,0.9418716595723484,11544.0,0.9669703872437356,0.9692816650351802,0.577288951606209,0.6037079953650057,0.0834025126626291,878.0,1.0449059009552002,0.980175256729126,2026-04-21T16:28:04.089215+00:00
NR-AR,topological_torsion,RandomForest,random_under,f1_weighted,"{'max_depth': 5, 'max_features': 'log2', 'min_samples_leaf': 10, 'n_estimators': 100}",0.5351526315205731,1421,0.9859254046446164,0.9833694808640212,0.8112280142409267,0.8049425870957663,0.5351526315205731,0.8571428571428571,0.8481348732244791,0.8215850258861012,0.8614875637755102,0.842047012871166,672.0,0.9612756264236902,0.9660033398643876,0.56509324009324,0.5610660486674391,0.1296450639432651,878.0,0.3801329135894775,0.1635372638702392,2026-04-21T16:28:08.439522+00:00
NR-AR,topological_torsion,BernoulliNB,smote,f1_weighted,{'alpha': 0.1},0.366860672157869,1421,0.9831104855735396,0.9791295931474062,0.755702005730659,0.48865411654429,0.366860672157869,0.7843901593901594,0.7748439869049593,0.7748439869049593,0.9489900103205716,0.9468336065090672,11544.0,0.9738041002277904,0.972371498807178,0.5674228305807253,0.5171108536114329,0.0603513933867374,878.0,0.5039329528808594,0.5513548851013184,2026-04-21T14:03:47.614301+00:00
NR-AR,topological_torsion,BernoulliNB,smoteenn,f1_weighted,{'alpha': 0.1},0.3672113269150134,1421,0.9831104855735396,0.9791295931474062,0.755702005730659,0.4941415403843149,0.3672113269150134,0.8596941198822077,0.8553136738413003,0.8520690171598707,0.9627075267453816,0.9550472875631324,10527.0,0.9749430523917996,0.9730445624529656,0.5705646954201867,0.5371958285052143,0.0613443316879218,878.0,0.3814132213592529,0.409700870513916,2026-04-21T14:03:50.317653+00:00
NR-AR,topological_torsion,BernoulliNB,smoten,f1_weighted,{'alpha': 0.1},0.366826487417296,1421,0.9831104855735396,0.9791295931474062,0.755702005730659,0.4829909389157943,0.366826487417296,0.7856895356895357,0.7761925541144213,0.7761925541144213,0.9693837048306904,0.9660405964626164,11544.0,0.9738041002277904,0.972371498807178,0.5674228305807253,0.4983391270760911,0.0688348403553212,878.0,0.4874520301818847,0.4572112560272217,2026-04-21T14:03:50.623526+00:00
NR-AR,topological_torsion,BernoulliNB,smoten_enn,f1_weighted,{'alpha': 0.1},0.3664486172220666,1421,0.9831104855735396,0.9791295931474062,0.755702005730659,0.4759217309795345,0.3664486172220666,0.7923688116650659,0.7832185452429004,0.782857454937429,0.9814204361159125,0.975476160697911,11453.0,0.9783599088838268,0.9751105562826502,0.5814746983115482,0.4889146388567014,0.0817632999018509,878.0,0.5167012214660645,0.4862658977508545,2026-04-21T14:03:52.261269+00:00
NR-AR-LBD,atom_pair,BalancedRandomForest,none,f1_weighted,"{'max_depth': 10, 'max_features': 'sqrt', 'min_samples_leaf': 5, 'n_estimators': 200}",0.4432566305705315,1343,0.985107967237528,0.9819675088480788,0.7581226136445501,0.7859101294744859,0.4432566305705315,0.9527318475916606,0.9602602122358148,0.7580475577524196,0.952958689988835,0.7347857409884425,5564.0,0.960431654676259,0.9672251593392792,0.5439375611049431,0.7179643146796432,0.0874631553446557,834.0,1.714054822921753,1.9454991817474363,2026-04-21T21:59:37.468686+00:00
NR-AR-LBD,atom_pair,RandomForest,random_over,f1_weighted,"{'max_depth': 10, 'max_features': 'log2', 'min_samples_leaf': 10, 'n_estimators': 100}",0.3892901597590797,1343,0.9843633655994044,0.9802155291863782,0.7268024759524571,0.7542015740035543,0.3892901597590797,0.9198920729438036,0.919537982126687,0.9195379821266872,0.9824139307246332,0.9849323245675,10748.0,0.9772182254196644,0.9756117042353626,0.5418509844739353,0.769566098945661,0.0758539909442871,834.0,0.8406789302825928,0.879666805267334,2026-04-21T16:30:12.948532+00:00
NR-AR-LBD,atom_pair,RandomForest,random_under,f1_weighted,"{'max_depth': 5, 'max_features': 'sqrt', 'min_samples_leaf': 5, 'n_estimators': 200}",0.4382268903860979,1343,0.985107967237528,0.9819675088480788,0.7581226136445501,0.7817212490479817,0.4382268903860979,0.8947368421052632,0.8904919689157665,0.8729587970461063,0.9410941828254848,0.9297957065759656,570.0,0.9664268585131894,0.9705414152785352,0.553942542787286,0.6929237631792377,0.067416822554523,834.0,0.5669920444488525,0.3576629161834717,2026-04-21T16:30:20.805783+00:00
NR-AR-LBD,atom_pair,BernoulliNB,smote,f1_weighted,{'alpha': 50.0},0.2849464461679964,1343,0.9828741623231572,0.9783312938707956,0.7007836641384053,0.5057121096725057,0.2849464461679964,0.808057312988463,0.8034532380656392,0.8034532380656393,0.8270545725334831,0.8593795293856337,10748.0,0.9616306954436452,0.9671558310986752,0.5196198430412556,0.4237631792376318,0.0249020730343914,834.0,0.4572319984436035,0.4330201148986816,2026-04-21T14:04:03.330349+00:00
NR-AR-LBD,atom_pair,BernoulliNB,smoteenn,f1_weighted,{'alpha': 50.0},0.284922920097079,1343,0.9828741623231572,0.9783312938707956,0.7007836641384053,0.5056867225184056,0.284922920097079,0.8094128611369991,0.8048644096315204,0.8048141504988633,0.828688502548575,0.8602585013299023,10730.0,0.9616306954436452,0.9671558310986752,0.5196198430412556,0.4242700729927007,0.0248205656627572,834.0,0.4250857830047607,0.4504051208496094,2026-04-21T14:04:03.560539+00:00
NR-AR-LBD,atom_pair,BernoulliNB,smoten,f1_weighted,{'alpha': 10.0},0.252363777557908,1343,0.9828741623231572,0.977625614557687,0.6848479283360371,0.4670982482863671,0.252363777557908,0.8189430591737997,0.8141957597533509,0.8141957597533509,0.8913519746414424,0.899070440071393,10748.0,0.9808153477218226,0.97765278686142,0.5507070707070707,0.3975060827250608,0.0278352256202151,834.0,0.4727952480316162,0.467919111251831,2026-04-21T14:04:06.115113+00:00
NR-AR-LBD,atom_pair,BernoulliNB,smoten_enn,f1_weighted,{'alpha': 10.0},0.2526073321121112,1343,0.9828741623231572,0.977625614557687,0.6848479283360371,0.4662858593551663,0.2526073321121112,0.8237329343557135,0.8191050076895452,0.8189565180638927,0.9013410608303416,0.9048672533554534,10694.0,0.9796163069544364,0.9754628762162892,0.4948516050878255,0.3987226277372262,0.0250831950634461,834.0,0.4200432300567627,0.486732006072998,2026-04-21T14:04:08.031890+00:00
NR-AR-LBD,avalon,RUSBoost,none,f1_weighted,"{'learning_rate': 0.03, 'n_estimators': 50, 'sampling_strategy': 'auto'}",0.5090544239206402,1343,0.9865971705137752,0.9842008763148066,0.7920480352350148,0.8620588981975121,0.5090544239206402,0.9545291157440692,0.9619612794309652,0.7702780129987775,0.9571136857775252,0.7491898462819493,5564.0,0.9448441247002398,0.9582245314859223,0.5066358024691359,0.6673763179237632,0.06550422358658,834.0,0.4602019786834717,0.444066047668457,2026-04-29T18:10:09.581594+00:00
NR-AR-LBD,avalon,LogisticRegression,random_over,f1_weighted,"{'C': 0.01, 'l1_ratio': 0.0}",0.4814791979358525,1343,0.9865971705137752,0.9842008763148066,0.7920480352350148,0.8408098502157908,0.4814791979358525,0.9385001860811314,0.9384923905757976,0.9384923905757976,0.9855311013108228,0.983297306180964,10748.0,0.9436450839328536,0.9575862321323942,0.5058930304672826,0.6320965125709652,0.0412707052464761,834.0,0.224877119064331,0.1832308769226074,2026-04-21T08:31:16.272319+00:00
NR-AR-LBD,avalon,XGBoost,random_under,f1_weighted,"{'colsample_bytree': 0.8, 'learning_rate': 0.1, 'max_depth': 3, 'min_child_weight': 1, 'n_estimators': 200, 'scale_pos_weight': 1, 'subsample': 0.8}",0.5385610138508854,1343,0.9865971705137752,0.9845931473104578,0.8009387351778656,0.8900863163239401,0.5385610138508854,0.987719298245614,0.9876601034868859,0.9860533886071214,0.9995013850415513,0.9991188008551004,570.0,0.9400479616306955,0.9556695085667947,0.5037604722010662,0.7155312246553122,0.07279069097521623,834.0,0.13192296028137207,0.12586522102355957,2026-04-29T22:07:22.642083+00:00
NR-AR-LBD,avalon,BernoulliNB,smote,f1_weighted,{'alpha': 0.1},0.3897774874717271,1343,0.9858525688756516,0.982625318646004,0.7647010005071695,0.6014597613607514,0.3897774874717271,0.7974506885001861,0.7929594943051772,0.7929594943051773,0.8402007508619496,0.8523247169612309,10748.0,0.948441247002398,0.9601380633016692,0.5089751489012118,0.4714618815896188,0.0207679525110448,834.0,0.0881919860839843,0.0809798240661621,2026-04-21T14:04:11.635931+00:00
NR-AR-LBD,avalon,BernoulliNB,smoteenn,f1_weighted,{'alpha': 0.1},0.3891666876803236,1343,0.9858525688756516,0.982625318646004,0.7647010005071695,0.5998349834983497,0.3891666876803236,0.7998133457769482,0.7953651239259113,0.7952712075336629,0.8446440826444105,0.8548052081711899,10715.0,0.948441247002398,0.9601380633016692,0.5089751489012118,0.4564578264395782,0.0199159833118775,834.0,0.0931789875030517,0.0751600265502929,2026-04-21T14:04:13.276190+00:00
NR-AR-LBD,avalon,BernoulliNB,smoten,f1_weighted,{'alpha': 50.0},0.3864600140045143,1343,0.9858525688756516,0.982625318646004,0.7647010005071695,0.5756410256410257,0.3864600140045143,0.812430219575735,0.808864575570761,0.8088645755707609,0.8670679022306051,0.8718230331669153,10748.0,0.9508393285371702,0.9614130062676156,0.5106404293381037,0.4833738848337388,0.0209551525135021,834.0,0.0876779556274414,0.1039297580718994,2026-04-21T14:04:14.908384+00:00
NR-AR-LBD,avalon,BernoulliNB,smoten_enn,f1_weighted,{'alpha': 50.0},0.3860296405697339,1343,0.9858525688756516,0.982625318646004,0.7647010005071695,0.5662731657781163,0.3860296405697339,0.8172032946461999,0.8137380925340426,0.813582462404093,0.876597651943479,0.8772003696164734,10684.0,0.9520383693045564,0.9620503913158348,0.5115094008082938,0.4768349553933496,0.0208343957604234,834.0,0.0679628849029541,0.0808329582214355,2026-04-21T14:04:17.086182+00:00
NR-AR-LBD,erg,RUSBoost,none,f1_weighted,"{'learning_rate': 0.005, 'n_estimators': 75, 'sampling_strategy': 'auto'}",0.4972158450495776,1343,0.9873417721518988,0.9848802737186256,0.7991095390192611,0.7979817212490479,0.4972158450495776,0.946980589503954,0.95591428917056,0.7364247201104415,0.9098706246449768,0.7140860057734733,5564.0,0.9520383693045564,0.9626434096788848,0.5331392745185849,0.6144566098945661,0.0757106816589734,834.0,0.7818911075592041,0.7366259098052979,2026-04-29T18:11:38.547100+00:00
NR-AR-LBD,erg,LogisticRegression,random_over,f1_weighted,"{'C': 1, 'l1_ratio': 0.0}",0.4598868764589911,1343,0.985107967237528,0.9828812747893976,0.7788208168642952,0.7103071845646103,0.4598868764589911,0.8701153703014515,0.8695964586073575,0.8695964586073575,0.9430608877960556,0.9431893200077568,10748.0,0.9376498800959232,0.9548453403176076,0.5195852534562212,0.5870843471208435,0.0751049062621184,834.0,0.0823850631713867,0.0910158157348632,2026-04-21T08:31:34.675464+00:00
NR-AR-LBD,erg,RandomForest,random_under,f1_weighted,"{'max_depth': 15, 'max_features': 'log2', 'min_samples_leaf': 5, 'n_estimators': 100}",0.4718978027296565,1343,0.9873417721518988,0.9848802737186256,0.7991095390192611,0.7487433358720488,0.4718978027296565,0.9192982456140352,0.9172181585974688,0.9048676419366076,0.9537396121883656,0.9365479686680812,570.0,0.9556354916067148,0.9646012363958654,0.5374098670304466,0.6110097323600974,0.1228706294082934,834.0,0.2316670417785644,0.1901490688323974,2026-04-21T16:34:25.070158+00:00
NR-AR-LBD,erg,DecisionTree,smote,f1_weighted,"{'ccp_alpha': 0.01, 'criterion': 'gini', 'max_depth': 5, 'min_samples_leaf': 10}",0.4599971413456294,1343,0.9873417721518988,0.9848802737186256,0.7991095390192611,0.6698654480832698,0.4599971413456294,0.8729065872720506,0.8722577485052389,0.872257748505239,0.922523386180744,0.9108000491121684,10748.0,0.947242206235012,0.960040856203926,0.5280864197530865,0.5550486618004866,0.0315697839237011,834.0,0.2119960784912109,0.1751627922058105,2026-04-22T07:45:46.264317+00:00
NR-AR-LBD,erg,DecisionTree,smoteenn,f1_weighted,"{'ccp_alpha': 0.01, 'criterion': 'gini', 'max_depth': 5, 'min_samples_leaf': 10}",0.4620367253849528,1343,0.9873417721518988,0.9848802737186256,0.7991095390192611,0.7390454430058391,0.4620367253849528,0.887208749405611,0.8867161644828366,0.8865203073377745,0.9398866913949584,0.9209997887802238,10515.0,0.947242206235012,0.960040856203926,0.5280864197530865,0.4863138686131387,0.0298751182340862,834.0,0.2011139392852783,0.184067964553833,2026-04-22T07:45:49.350961+00:00
NR-AR-LBD,erg,RandomForest,smoten,f1_weighted,"{'max_depth': 5, 'max_features': 'sqrt', 'min_samples_leaf': 5, 'n_estimators': 100}",0.2576276591627052,1343,0.9828741623231572,0.977625614557687,0.6848479283360371,0.607032241685707,0.2576276591627052,0.8792333457387421,0.877708935340392,0.8777089353403921,0.9723076546450544,0.9690949303372436,10748.0,0.973621103117506,0.9724380884114092,0.4933171324422843,0.596918085969181,0.0255239763099147,834.0,0.7613048553466797,0.2998919486999511,2026-04-21T16:34:42.440397+00:00
NR-AR-LBD,erg,RandomForest,smoten_enn,f1_weighted,"{'max_depth': 10, 'max_features': 'sqrt', 'min_samples_leaf': 20, 'n_estimators': 200}",0.3803610930933502,1343,0.9836187639612808,0.9789448761544788,0.7063722372396247,0.7211221122112211,0.3803610930933502,0.9656534954407296,0.965550271796564,0.9651948586217514,0.9976465455130608,0.9971491958875512,9870.0,0.9808153477218226,0.97765278686142,0.5507070707070707,0.5692416869424168,0.0613365087815726,834.0,1.4074382781982422,1.4226078987121582,2026-04-21T16:34:42.988842+00:00
NR-AR-LBD,estate,RandomForest,none,f1_weighted,"{'max_depth': 10, 'max_features': 'sqrt', 'min_samples_leaf': 10, 'n_estimators': 100}",0.4210004756044854,1343,0.985107967237528,0.9814412403498672,0.7462207105064248,0.7254379284082254,0.4210004756044854,0.9656721782890008,0.9691663148061496,0.7933060846614872,0.976806945723072,0.714552338860287,5564.0,0.973621103117506,0.9746196109728912,0.5702239295418345,0.7271897810218978,0.1391273902067756,834.0,0.3233489990234375,0.1769740581512451,2026-04-21T16:35:10.717577+00:00
NR-AR-LBD,estate,RandomForest,random_over,f1_weighted,"{'max_depth': 10, 'max_features': 'log2', 'min_samples_leaf': 5, 'n_estimators': 200}",0.4236231777276291,1343,0.9843633655994044,0.9807964048192676,0.7399326847710821,0.7274308200050774,0.4236231777276291,0.933941198362486,0.9338420893550186,0.9338420893550186,0.9828339983177212,0.9819688945921888,10748.0,0.9796163069544364,0.9781788932632194,0.5900771966345737,0.7144160583941606,0.1380085310987209,834.0,0.4953689575195312,0.4958209991455078,2026-04-21T16:35:17.736379+00:00
NR-AR-LBD,estate,XGBoost,random_under,f1_weighted,"{'colsample_bytree': 0.8, 'learning_rate': 0.05, 'max_depth': 3, 'min_child_weight': 5, 'n_estimators': 100, 'scale_pos_weight': 1, 'subsample': 0.8}",0.4026862908027486,1343,0.9836187639612807,0.9801642597328863,0.7339348750090051,0.7578065498857578,0.4026862908027486,0.875438596491228,0.8697006834845594,0.8483241448322646,0.918781163434903,0.8865384756910404,570.0,0.9652278177458034,0.9698737757083742,0.5517375590770086,0.6338199513381995,0.11676219243357136,834.0,0.024171113967895508,0.01854991912841797,2026-04-29T22:09:54.803471+00:00
NR-AR-LBD,estate,DecisionTree,smote,f1_weighted,"{'ccp_alpha': 0.0, 'criterion': 'entropy', 'max_depth': 5, 'min_samples_leaf': 10}",0.3397092524537368,1343,0.985107967237528,0.9819675088480788,0.7581226136445501,0.6608530083777608,0.3397092524537368,0.9221250465202828,0.9219876863164548,0.9219876863164548,0.9500240755881362,0.9425113889834064,10748.0,0.9592326139088728,0.9671857599915152,0.5645577395577396,0.5997566909975669,0.0684400027712437,834.0,0.0378150939941406,0.0362720489501953,2026-04-22T07:46:04.607728+00:00
NR-AR-LBD,estate,DecisionTree,smoteenn,f1_weighted,"{'ccp_alpha': 0.0, 'criterion': 'entropy', 'max_depth': 5, 'min_samples_leaf': 10}",0.3397092524537368,1343,0.985107967237528,0.9819675088480788,0.7581226136445501,0.6608530083777608,0.3397092524537368,0.9234078369026466,0.9232659970090608,0.923247980394402,0.9508304137242304,0.9427766974346212,10693.0,0.9592326139088728,0.9671857599915152,0.5645577395577396,0.5997566909975669,0.0684400027712437,834.0,0.0403330326080322,0.0361831188201904,2026-04-22T07:46:05.000892+00:00
NR-AR-LBD,estate,RandomForest,smoten,f1_weighted,"{'max_depth': 10, 'max_features': 'log2', 'min_samples_leaf': 20, 'n_estimators': 200}",0.396810460731707,1343,0.985107967237528,0.9819675088480788,0.7581226136445501,0.7232546331556232,0.396810460731707,0.9174730182359508,0.9172710928069684,0.9172710928069684,0.9830780263737976,0.9832162644874238,10748.0,0.974820143884892,0.9742804091601835,0.537095282146161,0.5763381995133819,0.0519121615736155,834.0,0.6662149429321289,0.6816482543945312,2026-04-21T16:35:35.304884+00:00
NR-AR-LBD,estate,DecisionTree,smoten_enn,f1_weighted,"{'ccp_alpha': 0.01, 'criterion': 'gini', 'max_depth': 5, 'min_samples_leaf': 10}",0.3494888852949684,1343,0.985107967237528,0.9819675088480788,0.7581226136445501,0.6891977659304392,0.3494888852949684,0.8570058501966049,0.8553055353837341,0.8547480266452951,0.9121794280220288,0.8832510370504953,10427.0,0.9532374100719424,0.9638461504363978,0.5546518792359828,0.7189274128142741,0.0509408081003168,834.0,0.0217640399932861,0.0166480541229248,2026-04-22T07:46:06.939326+00:00
NR-AR-LBD,fcfp,EasyEnsemble,none,f1_weighted,"{'n_estimators': 10, 'replacement': False}",0.4721993373623753,1343,0.9865971705137752,0.9837707579632708,0.7823103522800952,0.7462427011931961,0.4721993373623753,0.9631560028756292,0.9664980427698476,0.7718336066841218,0.9111207960354925,0.6547122218301492,5564.0,0.9652278177458034,0.9690793643682803,0.5234003980530869,0.6134935117599352,0.1092474753016949,834.0,7.985427141189575,5.164394855499268,2026-04-21T22:05:12.050079+00:00
NR-AR-LBD,fcfp,RandomForest,random_over,f1_weighted,"{'max_depth': 15, 'max_features': 'sqrt', 'min_samples_leaf': 10, 'n_estimators': 200}",0.5215200405478151,1343,0.9873417721518988,0.9848802737186256,0.7991095390192611,0.8047854785478548,0.5215200405478151,0.9197059918124302,0.9193823466943324,0.9193823466943324,0.9844545558298105,0.9853747414796152,10748.0,0.973621103117506,0.973621103117506,0.5349756690997567,0.6730535279805352,0.0619338690086532,834.0,7.557889938354492,7.040756940841675,2026-04-21T16:35:56.303774+00:00
NR-AR-LBD,fcfp,BernoulliNB,random_under,f1_weighted,{'alpha': 0.1},0.4251989526486233,1343,0.9858525688756516,0.9831014823914054,0.7754753671391741,0.6944021325209444,0.4251989526486233,0.8807017543859649,0.8758908981045354,0.856019969985587,0.95297783933518,0.9218497949357612,570.0,0.947242206235012,0.960040856203926,0.5280864197530865,0.4629967558799675,0.042372815212934,834.0,0.036755084991455,0.0061080455780029,2026-04-21T14:04:27.995877+00:00
NR-AR-LBD,fcfp,RandomForest,smote,f1_weighted,"{'max_depth': 5, 'max_features': 'sqrt', 'min_samples_leaf': 20, 'n_estimators': 100}",0.4103970678075352,1343,0.9858525688756516,0.982625318646004,0.7647010005071695,0.7428408225437929,0.4103970678075352,0.7921473762560476,0.7852219057012805,0.7852219057012806,0.9369977038682576,0.9420740805871288,10748.0,0.9712230215827338,0.9732434261649914,0.5641114982578397,0.565389294403893,0.0494291607101615,834.0,1.553372859954834,1.7073049545288086,2026-04-21T16:36:06.256048+00:00
NR-AR-LBD,fcfp,RandomForest,smoteenn,f1_weighted,"{'max_depth': 5, 'max_features': 'log2', 'min_samples_leaf': 5, 'n_estimators': 100}",0.4117772388227854,1343,0.9858525688756516,0.982625318646004,0.7647010005071695,0.7183295252602183,0.4117772388227854,0.785988933695958,0.7800289880500308,0.7797330795337319,0.9082538046713156,0.9164100200698984,10663.0,0.9448441247002398,0.9582245314859223,0.5066358024691359,0.4627939983779399,0.0207388588533659,834.0,0.6696150302886963,0.3793988227844238,2026-04-21T16:36:14.769046+00:00
NR-AR-LBD,fcfp,RandomForest,smoten,f1_weighted,"{'max_depth': 5, 'max_features': 'log2', 'min_samples_leaf': 20, 'n_estimators': 100}",0.4204852397711224,1343,0.9858525688756516,0.982625318646004,0.7647010005071695,0.6911652703731912,0.4204852397711224,0.790007443245255,0.7847033378335027,0.7847033378335028,0.9462333564036078,0.9465362176119746,10748.0,0.946043165467626,0.9588625790404204,0.5073962749550448,0.4863138686131387,0.0177259251502108,834.0,0.7283570766448975,0.3633999824523926,2026-04-21T16:36:19.992112+00:00
NR-AR-LBD,fcfp,RandomForest,smoten_enn,f1_weighted,"{'max_depth': 5, 'max_features': 'log2', 'min_samples_leaf': 5, 'n_estimators': 100}",0.4073175965736525,1343,0.9858525688756516,0.982625318646004,0.7647010005071695,0.7003935008885503,0.4073175965736525,0.7980526167961801,0.7928099881996127,0.7925990235653964,0.9501187209539697,0.9489888912886896,10681.0,0.9568345323741008,0.9646006927102814,0.5152728446884082,0.4693836171938361,0.031216277785104,834.0,0.64748215675354,0.5353298187255859,2026-04-21T16:37:52.305785+00:00
NR-AR-LBD,klekota_roth,BalancedRandomForest,none,f1_weighted,"{'max_depth': 5, 'max_features': 'sqrt', 'min_samples_leaf': 5, 'n_estimators': 100}",0.4003791596266861,1343,0.9858525688756516,0.982625318646004,0.7647010005071695,0.7583396801218583,0.4003791596266861,0.9484184040258806,0.9553850091950584,0.7162136105393151,0.8829877774077919,0.5982849271395614,5564.0,0.9628297362110312,0.9685455869404732,0.547651124136121,0.4624898621248986,0.1113154774246771,834.0,1.2091681957244873,1.4303653240203855,2026-04-21T22:05:13.477316+00:00
NR-AR-LBD,klekota_roth,RandomForest,random_over,f1_weighted,"{'max_depth': 5, 'max_features': 'sqrt', 'min_samples_leaf': 10, 'n_estimators': 100}",0.3980908605350863,1343,0.9858525688756516,0.982625318646004,0.7647010005071695,0.6953541507996953,0.3980908605350863,0.8076851507257164,0.8023676526926755,0.8023676526926755,0.9296141022212144,0.9391463036150433,10748.0,0.9712230215827338,0.9732434261649914,0.5641114982578397,0.5031934306569343,0.1098604305424256,834.0,0.9456892013549804,1.438266038894653,2026-04-21T16:38:24.320570+00:00
NR-AR-LBD,klekota_roth,RandomForest,random_under,f1_weighted,"{'max_depth': 5, 'max_features': 'sqrt', 'min_samples_leaf': 5, 'n_estimators': 100}",0.3971587309799254,1343,0.9858525688756516,0.982625318646004,0.7647010005071695,0.7351865955826352,0.3971587309799254,0.8508771929824561,0.8440078605096839,0.8184162297287674,0.8922991689750692,0.855627126769574,570.0,0.9628297362110312,0.9685455869404732,0.547651124136121,0.5607258718572588,0.1127183506742981,834.0,0.3526499271392822,0.1699697971343994,2026-04-21T16:38:24.413713+00:00
NR-AR-LBD,klekota_roth,RandomForest,smote,f1_weighted,"{'max_depth': 5, 'max_features': 'sqrt', 'min_samples_leaf': 5, 'n_estimators': 100}",0.4045895590172634,1343,0.985107967237528,0.9814412403498672,0.7462207105064248,0.7293602437166793,0.4045895590172634,0.7990323781168589,0.7924788715443313,0.7924788715443314,0.9396010218326424,0.9486740236339514,10748.0,0.973621103117506,0.9746196109728912,0.5702239295418345,0.7454886455798865,0.0825362840851692,834.0,2.024900197982788,2.2201647758483887,2026-04-21T16:38:36.997659+00:00
NR-AR-LBD,klekota_roth,RandomForest,smoteenn,f1_weighted,"{'max_depth': 5, 'max_features': 'sqrt', 'min_samples_leaf': 5, 'n_estimators': 100}",0.3891714180333956,1343,0.985107967237528,0.9814412403498672,0.7462207105064248,0.7127570449352627,0.3891714180333956,0.8075656347040557,0.8014678535578735,0.8010581747579357,0.938916663496238,0.9469607332570332,10627.0,0.97242206235012,0.973928961644822,0.5670661520752929,0.7098540145985401,0.0821696075358095,834.0,1.9811489582061768,1.0129001140594482,2026-04-21T16:38:45.367326+00:00
NR-AR-LBD,klekota_roth,RandomForest,smoten,f1_weighted,"{'max_depth': 5, 'max_features': 'sqrt', 'min_samples_leaf': 5, 'n_estimators': 100}",0.3923697243171004,1343,0.985107967237528,0.9814412403498672,0.7462207105064248,0.7074892104595074,0.3923697243171004,0.805731298846297,0.7997336852974639,0.7997336852974637,0.9678353362736044,0.9700686381539668,10748.0,0.9712230215827338,0.9732434261649914,0.5641114982578397,0.7599351175993512,0.0893144968412189,834.0,1.2342219352722168,1.5355792045593262,2026-04-21T16:40:08.782869+00:00
NR-AR-LBD,klekota_roth,BernoulliNB,smoten_enn,f1_weighted,{'alpha': 0.1},0.3854312533020748,1343,0.985107967237528,0.9814412403498672,0.7462207105064248,0.6668951510535668,0.3854312533020748,0.8030146989982211,0.7981990557332798,0.7979993972563297,0.9536426740170644,0.9426882370078364,10681.0,0.9580335731414868,0.965910824251776,0.5405392642961704,0.6793390105433901,0.0508187527744981,834.0,0.6568179130554199,0.5580859184265137,2026-04-21T14:04:50.870207+00:00
NR-AR-LBD,maccs,RUSBoost,none,f1_weighted,"{'learning_rate': 0.01, 'n_estimators': 50, 'sampling_strategy': 'auto'}",0.513399593001737,1343,0.9865971705137752,0.9837707579632708,0.7823103522800952,0.8564991114496066,0.513399593001737,0.9487778576563624,0.956545140956606,0.7315976737584907,0.9261801461226568,0.663451966946808,5564.0,0.9424460431654677,0.9574427282241228,0.5236100533130236,0.6501419302514193,0.0604251867599424,834.0,0.3235809803009033,0.3045761585235595,2026-04-29T18:13:10.339580+00:00
NR-AR-LBD,maccs,LogisticRegression,random_over,f1_weighted,"{'C': 0.001, 'l1_ratio': 1.0}",0.4459915611814347,1343,0.9873417721518988,0.9848802737186256,0.7991095390192611,0.7166666666666667,0.4459915611814347,0.7631187197618161,0.7628376631194768,0.7628376631194769,0.8276035361093654,0.8131986466649355,10748.0,0.6630695443645084,0.7845777960568822,0.4213981507770933,0.635999594484996,0.032251583891897,834.0,0.0394768714904785,0.0284631252288818,2026-04-21T08:31:54.849757+00:00
NR-AR-LBD,maccs,RandomForest,random_under,f1_weighted,"{'max_depth': 5, 'max_features': 'sqrt', 'min_samples_leaf': 10, 'n_estimators': 100}",0.4690208707527173,1343,0.9858525688756516,0.982625318646004,0.7647010005071695,0.7425488702716425,0.4690208707527173,0.8526315789473684,0.845668629100084,0.8202270815811606,0.9424653739612188,0.907069057623158,570.0,0.9640287769784172,0.9692085916550076,0.5496436028511772,0.6822789943227899,0.0705423898018806,834.0,0.2647249698638916,0.1823370456695556,2026-04-21T16:40:59.453316+00:00
NR-AR-LBD,maccs,LogisticRegression,smote,f1_weighted,"{'C': 0.001, 'l1_ratio': 1.0}",0.3506190291401586,1343,0.985107967237528,0.9814412403498672,0.7462207105064248,0.6651942117288652,0.3506190291401586,0.796706363974693,0.7932331801844977,0.7932331801844978,0.8347837608444024,0.8431630674854165,10748.0,0.9412470023980816,0.9580347225311472,0.5695189137373461,0.696573398215734,0.0610408956192929,834.0,0.0345280170440673,0.0319607257843017,2026-04-21T08:31:55.647359+00:00
NR-AR-LBD,maccs,RandomForest,smoteenn,f1_weighted,"{'max_depth': 5, 'max_features': 'sqrt', 'min_samples_leaf': 5, 'n_estimators': 100}",0.3353870460657437,1343,0.9843633655994044,0.9802155291863782,0.7268024759524571,0.68995938055344,0.3353870460657437,0.8467236467236468,0.8434551555043036,0.8429512438453102,0.97495914948941,0.9734046773722984,10530.0,0.9760191846522782,0.9749437167376448,0.5393792113111675,0.7019464720194646,0.0520349542065999,834.0,0.5003149509429932,0.368328332901001,2026-04-21T16:41:16.216387+00:00
NR-AR-LBD,maccs,LogisticRegression,smoten,f1_weighted,"{'C': 0.001, 'l1_ratio': 1.0}",0.4485974392079442,1343,0.9873417721518988,0.9848802737186256,0.7991095390192611,0.7134044173648133,0.4485974392079442,0.7631187197618161,0.7628376631194768,0.7628376631194769,0.8564984143283718,0.8582716666871402,10748.0,0.6630695443645084,0.7845777960568822,0.4213981507770933,0.6872465531224656,0.0602407485115017,834.0,0.0391068458557128,0.0295112133026123,2026-04-21T08:31:57.645073+00:00
NR-AR-LBD,maccs,LogisticRegression,smoten_enn,f1_weighted,"{'C': 0.001, 'l1_ratio': 1.0}",0.3506190291401586,1343,0.985107967237528,0.9814412403498672,0.7462207105064248,0.6651942117288652,0.3506190291401586,0.8029764133283415,0.7998030203548334,0.7996483385952717,0.8449655942646361,0.8502694186132123,10684.0,0.9412470023980816,0.9580347225311472,0.5695189137373461,0.696573398215734,0.0610408956192929,834.0,0.0319581031799316,0.0324048995971679,2026-04-21T08:31:57.720348+00:00
NR-AR-LBD,map4,BalancedRandomForest,none,f1_weighted,"{'max_depth': 5, 'max_features': 'sqrt', 'min_samples_leaf': 10, 'n_estimators': 100}",0.406792887369316,1343,0.9828741623231572,0.9805478772766014,0.7509614376819072,0.7354658542777355,0.406792887369316,0.8734723220704529,0.9088231158780832,0.6132448657187993,0.9076244295144262,0.6750380874007953,5564.0,0.8884892086330936,0.9278586567246692,0.4910195751606108,0.6085766423357664,0.0744328732964976,834.0,0.5415029525756836,0.6147439479827881,2026-04-21T22:06:12.054869+00:00
NR-AR-LBD,map4,RandomForest,random_over,f1_weighted,"{'max_depth': 5, 'max_features': 'log2', 'min_samples_leaf': 20, 'n_estimators': 100}",0.4083499842306774,1343,0.9828741623231572,0.9795438997369644,0.7282070233790002,0.7336379791825336,0.4083499842306774,0.8767212504652029,0.8760802709838568,0.8760802709838567,0.9348690416814808,0.9518277344883344,10748.0,0.948441247002398,0.9606909088608464,0.5292897738459317,0.6206407137064072,0.0545512497526949,834.0,0.4954078197479248,0.3965632915496826,2026-04-21T16:42:00.440943+00:00
NR-AR-LBD,map4,RandomForest,random_under,f1_weighted,"{'max_depth': 10, 'max_features': 'sqrt', 'min_samples_leaf': 10, 'n_estimators': 200}",0.4242536367633756,1343,0.9828741623231572,0.9805478772766014,0.7509614376819072,0.765092663112465,0.4242536367633756,0.887719298245614,0.8865873116730913,0.8712246367602829,0.94404432132964,0.9234773190001468,570.0,0.9112709832134293,0.9404781544865704,0.5023705853894533,0.625506893755069,0.0544882362460816,834.0,0.3859319686889648,0.3237340450286865,2026-04-21T16:42:21.444529+00:00
NR-AR-LBD,map4,BernoulliNB,smote,f1_weighted,{'alpha': 0.1},0.3713447801909187,1343,0.9821295606850337,0.9799364011974596,0.7454510993176648,0.7248032495557248,0.3713447801909187,0.7629326386304429,0.759713686790071,0.7597136867900711,0.6819335200746707,0.7708720835681949,10748.0,0.8920863309352518,0.9298673473019688,0.4926870150585309,0.5287915652879156,0.0257219475812209,834.0,0.2120649814605713,0.2649290561676025,2026-04-21T14:05:07.840395+00:00
NR-AR-LBD,map4,BernoulliNB,smoteenn,f1_weighted,{'alpha': 0.1},0.3714651072422937,1343,0.9828741623231572,0.9805478772766014,0.7509614376819072,0.7247270880934249,0.3714651072422937,0.7652814014163251,0.7620056136517319,0.761963717085598,0.6827186821427266,0.7721721933486516,10732.0,0.8932853717026379,0.9305354978689858,0.4932514080901177,0.528588807785888,0.0261819832348923,834.0,0.221663236618042,0.1834807395935058,2026-04-21T14:05:08.093733+00:00
NR-AR-LBD,map4,BernoulliNB,smoten,f1_weighted,{'alpha': 0.1},0.3530458906326945,1343,0.9769173492181684,0.9758900711625724,0.7122905220966794,0.7258695100279259,0.3530458906326945,0.7641421659843692,0.7621033445895621,0.762103344589562,0.6706094236692707,0.7555560034710491,10748.0,0.8621103117505995,0.9129219336391616,0.4796859996419484,0.5504866180048662,0.0198778329056816,834.0,0.1936421394348144,0.1850149631500244,2026-04-21T14:05:11.517093+00:00
NR-AR-LBD,map4,BernoulliNB,smoten_enn,f1_weighted,{'alpha': 0.1},0.3532568688125811,1343,0.9784065524944154,0.9770092738971096,0.7209080681337738,0.725920284336126,0.3532568688125811,0.7673984119570294,0.7653447670651867,0.7652546581566672,0.6719031872685461,0.7576380918602433,10705.0,0.8657074340527577,0.9149810617201226,0.4811589050835407,0.5488645579886455,0.0199173384188314,834.0,0.1807560920715332,0.1779098510742187,2026-04-21T14:05:13.858021+00:00
NR-AR-LBD,mhfp,BalancedRandomForest,none,f1_weighted,"{'max_depth': 5, 'max_features': 'sqrt', 'min_samples_leaf': 20, 'n_estimators': 200}",0.4506560770663438,1343,0.985107967237528,0.9814412403498672,0.7462207105064248,0.8217060167555217,0.4506560770663438,0.9780733285406182,0.978448589578468,0.8394947881346715,0.9897949190057392,0.8215475819129406,5564.0,0.9856115107913668,0.9805162606829376,0.5678010019001555,0.5517031630170316,0.0718182551971408,834.0,1.6479849815368652,1.992616891860962,2026-04-21T22:06:37.684650+00:00
NR-AR-LBD,mhfp,BernoulliNB,random_over,f1_weighted,{'alpha': 0.1},0.4406343106417676,1343,0.985107967237528,0.9814412403498672,0.7462207105064248,0.7303884234577304,0.4406343106417676,0.8084294752512096,0.8023367091455617,0.8023367091455615,0.9098655236608356,0.9262414909686408,10748.0,0.9796163069544364,0.9769651451925818,0.5474769397721106,0.5902270884022709,0.0434665513610892,834.0,0.4426403045654297,0.4119448661804199,2026-04-21T14:05:17.188517+00:00
NR-AR-LBD,mhfp,BernoulliNB,random_under,f1_weighted,{'alpha': 0.1},0.4416201735235844,1343,0.985107967237528,0.9814412403498672,0.7462207105064248,0.7452652957603453,0.4416201735235844,0.8736842105263158,0.8654554988356132,0.8417667833623788,0.923684210526316,0.8925389486903067,570.0,0.9772182254196644,0.9756117042353626,0.5418509844739353,0.559610705596107,0.0356194839356854,834.0,0.0373399257659912,0.0164048671722412,2026-04-21T14:05:17.575337+00:00
NR-AR-LBD,mhfp,KNeighbors,smote,f1_weighted,"{'n_neighbors': 5, 'weights': 'uniform'}",0.3374421997811995,1343,0.9843633655994044,0.9813226910641848,0.7518411952590872,0.7415460776846915,0.3374421997811995,0.9936732415333084,0.9936731854505012,0.9936731854505012,0.9982295457224264,0.996806493789742,10748.0,0.9832134292565948,0.9790574320204852,0.5582627118644068,0.518552311435523,0.0340227817745803,834.0,22.47910714149475,18.14232897758484,2026-04-23T18:44:13.396396+00:00
NR-AR-LBD,mhfp,KNeighbors,smoteenn,f1_weighted,"{'n_neighbors': 5, 'weights': 'uniform'}",0.3387026021054315,1343,0.9843633655994044,0.9813226910641848,0.7518411952590872,0.7427773546585428,0.3387026021054315,0.9930141579731744,0.9930141019099796,0.9930141200926376,0.9976918582529584,0.9959151342122058,10736.0,0.9808153477218226,0.97765278686142,0.5507070707070707,0.5239253852392538,0.0270783373301358,834.0,22.490509271621704,19.100940704345703,2026-04-23T18:44:34.881872+00:00
NR-AR-LBD,mhfp,KNeighbors,smoten,f1_weighted,"{'n_neighbors': 5, 'weights': 'uniform'}",0.3219403260994581,1343,0.9828741623231572,0.9795438997369644,0.7282070233790002,0.7413048997207413,0.3219403260994581,0.991998511350949,0.9919984312795056,0.9919984312795056,0.9957005874955972,0.991699906003858,10748.0,0.9760191846522782,0.9749437167376448,0.5393792113111675,0.5174878345498783,0.0215227817745803,834.0,23.241443157196045,19.14577889442444,2026-04-23T18:47:21.339784+00:00
NR-AR-LBD,mhfp,KNeighbors,smoten_enn,f1_weighted,"{'n_neighbors': 5, 'weights': 'uniform'}",0.3419929912893427,1343,0.9836187639612808,0.9801642597328863,0.7339348750090051,0.7265803503427266,0.3419929912893427,0.9942169573733792,0.9942168995124188,0.9942169307573374,0.9962470912425356,0.9927117420438416,10721.0,0.974820143884892,0.973044515207506,0.4936247723132969,0.5239253852392538,0.0201338928856914,834.0,22.348461151123047,17.989763975143433,2026-04-23T18:48:05.039483+00:00
NR-AR-LBD,morgan_2048,LogisticRegression,none,f1_weighted,"{'C': 0.01, 'l1_ratio': 0.0}",0.5017719494091668,1343,0.9865971705137752,0.9845931473104578,0.8009387351778656,0.8697638994668697,0.5017719494091668,0.9703450754852624,0.9734982622821596,0.8235338553545036,0.9894472411023838,0.7987886193759721,5564.0,0.9712230215827338,0.9723123028795178,0.5311533776820013,0.579176804541768,0.1282411591759971,834.0,0.1407828330993652,0.1133928298950195,2026-04-21T08:32:38.656632+00:00
NR-AR-LBD,morgan_2048,XGBoost,random_over,f1_weighted,"{'colsample_bytree': 0.8, 'learning_rate': 0.05, 'max_depth': 7, 'min_child_weight': 5, 'n_estimators': 100, 'scale_pos_weight': 1, 'subsample': 0.8}",0.5271971282979775,1343,0.9865971705137752,0.9842008763148066,0.7920480352350148,0.8302614876872303,0.5271971282979775,0.980647562337179,0.980646832569526,0.9806468325695259,0.997269430796725,0.9966348262535474,10748.0,0.9748201438848921,0.9742804091601835,0.537095282146161,0.661293592862936,0.10579799657203053,834.0,3.432508945465088,3.3469998836517334,2026-04-29T22:34:23.677605+00:00
NR-AR-LBD,morgan_2048,LogisticRegression,random_under,f1_weighted,"{'C': 0.01, 'l1_ratio': 0.0}",0.4513319242732865,1343,0.9865971705137752,0.9837707579632708,0.7823103522800952,0.7864432597105865,0.4513319242732865,0.8543859649122807,0.84801770614325,0.8233244578551716,0.9267036011080332,0.8962617752631037,570.0,0.9436450839328536,0.958092066126647,0.5246826003128524,0.5633617193836172,0.1080199021720976,834.0,0.0383789539337158,0.0091180801391601,2026-04-21T08:32:44.700857+00:00
NR-AR-LBD,morgan_2048,BernoulliNB,smote,f1_weighted,{'alpha': 10.0},0.3677192350517171,1343,0.985107967237528,0.9814412403498672,0.7462207105064248,0.6818227976643818,0.3677192350517171,0.8860253070338667,0.88500378646495,0.8850037864649501,0.9785945064307064,0.9772829979812095,10748.0,0.973621103117506,0.973621103117506,0.5349756690997567,0.5620437956204379,0.0436732179254836,834.0,0.5321838855743408,0.4621191024780273,2026-04-21T14:05:34.494788+00:00
NR-AR-LBD,morgan_2048,RandomForest,smoteenn,f1_weighted,"{'max_depth': 15, 'max_features': 'log2', 'min_samples_leaf': 20, 'n_estimators': 100}",0.4142537967391548,1343,0.9858525688756516,0.982625318646004,0.7647010005071695,0.7419141914191418,0.4142537967391548,0.7928331466965286,0.7855373485151776,0.785418233442829,0.9614401543992688,0.9616531120616296,10716.0,0.9700239808153476,0.971661914831328,0.5294197305166226,0.6436536901865368,0.1098404079048292,834.0,0.9054911136627196,0.7395730018615723,2026-04-21T16:46:12.192962+00:00
NR-AR-LBD,morgan_2048,BernoulliNB,smoten,f1_weighted,{'alpha': 10.0},0.3653136310541412,1343,0.985107967237528,0.9814412403498672,0.7462207105064248,0.6760853008377761,0.3653136310541412,0.8359694826944548,0.832285246157447,0.832285246157447,0.985560412378502,0.9842089224000858,10748.0,0.9772182254196644,0.9756117042353626,0.5418509844739353,0.5671127331711273,0.0371801530365905,834.0,0.4898240566253662,0.4790661334991455,2026-04-21T14:05:36.242742+00:00
NR-AR-LBD,morgan_2048,BernoulliNB,smoten_enn,f1_weighted,{'alpha': 50.0},0.3786790853163425,1343,0.985107967237528,0.9814412403498672,0.7462207105064248,0.7198527545062199,0.3786790853163425,0.8308699719363891,0.8276224990983871,0.8274915161883704,0.9812190372338684,0.9760646201952836,10690.0,0.9616306954436452,0.9671558310986752,0.5196198430412556,0.5942822384428222,0.0453072512508617,834.0,0.540971040725708,0.4726111888885498,2026-04-21T14:05:40.525160+00:00
NR-AR-LBD,morgan_4096,LogisticRegression,none,f1_weighted,"{'C': 0.01, 'l1_ratio': 0.0}",0.4926037937821457,1343,0.9865971705137752,0.9842008763148066,0.7920480352350148,0.8431327748159431,0.4926037937821457,0.9816678648454348,0.983161892258485,0.8838665318834589,0.99538127044444,0.8908393301939949,5564.0,0.973621103117506,0.973621103117506,0.5349756690997567,0.5627534468775344,0.1137755889492717,834.0,0.3702757358551025,0.267812967300415,2026-04-21T08:32:55.778953+00:00
NR-AR-LBD,morgan_4096,LogisticRegression,random_over,f1_weighted,"{'C': 0.001, 'l1_ratio': 0.0}",0.4967094446992762,1343,0.9873417721518988,0.9848802737186256,0.7991095390192611,0.8164254887027164,0.4967094446992762,0.8913286192780052,0.8906479071501492,0.8906479071501493,0.9721157390010956,0.9729981532328724,10748.0,0.9652278177458034,0.9690793643682803,0.5234003980530869,0.5517031630170316,0.0608972178456284,834.0,0.4404211044311523,0.3232128620147705,2026-04-21T08:32:56.460536+00:00
NR-AR-LBD,morgan_4096,LogisticRegression,random_under,f1_weighted,"{'C': 0.1, 'l1_ratio': 0.0}",0.4952871935644847,1343,0.9873417721518988,0.9852680147687314,0.8078926332618116,0.8126681898959126,0.4952871935644847,0.9789473684210528,0.9788609486044596,0.9761243210790131,0.9988642659279778,0.9975839498585451,570.0,0.9592326139088728,0.9658772981614708,0.517361111111111,0.5341646390916464,0.1049183687310175,834.0,0.0679531097412109,0.0173597335815429,2026-04-21T08:32:58.408534+00:00
NR-AR-LBD,morgan_4096,XGBoost,smote,f1_weighted,"{'colsample_bytree': 0.8, 'learning_rate': 0.05, 'max_depth': 7, 'min_child_weight': 10, 'n_estimators': 100, 'scale_pos_weight': 1, 'subsample': 0.8}",0.43302284173094796,1343,0.9851079672375279,0.9819675088480787,0.7581226136445501,0.7566641279512567,0.43302284173094796,0.9632489765537774,0.9632488617059772,0.9632488617059771,0.9918984762953968,0.9919605342231863,10748.0,0.9688249400479616,0.9710137116787407,0.527787456445993,0.6277372262773722,0.06999665534733449,834.0,9.921373844146729,9.903430223464966,2026-04-29T22:39:45.454960+00:00
NR-AR-LBD,morgan_4096,LogisticRegression,smoteenn,f1_weighted,"{'C': 0.001, 'l1_ratio': 1.0}",0.3482253660958054,1343,0.985107967237528,0.9814412403498672,0.7462207105064248,0.6666666666666666,0.3482253660958054,0.7371071528490162,0.7207367445831139,0.72057830083296,0.7365441147258881,0.7258151763492124,10723.0,0.9712230215827338,0.9723123028795178,0.5311533776820013,0.5337591240875912,0.0191418293936279,834.0,0.2719056606292724,0.3122961521148681,2026-04-21T08:33:02.481417+00:00
NR-AR-LBD,morgan_4096,LogisticRegression,smoten,f1_weighted,"{'C': 0.001, 'l1_ratio': 0.0}",0.3744946295409475,1343,0.985107967237528,0.9814412403498672,0.7462207105064248,0.7376745366844376,0.3744946295409475,0.9591551916635652,0.9591542719942898,0.9591542719942898,0.982834067570096,0.9844793901848244,10748.0,0.9640287769784172,0.9684372306555732,0.5220812958435208,0.4977696674776966,0.055852879749204,834.0,0.3688569068908691,0.3627698421478271,2026-04-21T08:33:02.894017+00:00
NR-AR-LBD,morgan_4096,LogisticRegression,smoten_enn,f1_weighted,"{'C': 0.001, 'l1_ratio': 0.0}",0.3737157677263024,1343,0.985107967237528,0.9814412403498672,0.7462207105064248,0.7337649149530338,0.3737157677263024,0.9644494339975676,0.9644494339975676,0.9644483508450324,0.9884991707748644,0.987862533232678,10689.0,0.9652278177458034,0.9690793643682803,0.5234003980530869,0.4965531224655312,0.0418563084789052,834.0,0.3911120891571045,0.2872450351715088,2026-04-21T08:33:04.567612+00:00
NR-AR-LBD,pubchem,EasyEnsemble,none,f1_weighted,"{'n_estimators': 10, 'replacement': True}",0.4688650050634469,1343,0.9873417721518988,0.9848802737186256,0.7991095390192611,0.7851358212744352,0.4688650050634469,0.9085190510424156,0.9306952263050324,0.6576280230712868,0.9298116663075628,0.5975291292272498,5564.0,0.9184652278177458,0.9444173984120974,0.5064745196324143,0.6271796431467964,0.0684723705722117,834.0,4.282864809036255,2.6501011848449707,2026-04-21T22:09:50.594109+00:00
NR-AR-LBD,pubchem,XGBoost,random_over,f1_weighted,"{'colsample_bytree': 0.8, 'learning_rate': 0.1, 'max_depth': 5, 'min_child_weight': 5, 'n_estimators': 100, 'scale_pos_weight': 1, 'subsample': 0.8}",0.6684231689442146,1343,0.9895755770662695,0.9882962340318513,0.8515131412686379,0.8389312008123889,0.6684231689442146,0.9849274283587645,0.9849267138360027,0.9849267138360027,0.9978013582883805,0.9972338727204583,10748.0,0.9628297362110312,0.9677961050675723,0.5208229079788713,0.6479115977291161,0.027820883880828484,834.0,1.409132719039917,1.419140100479126,2026-04-29T22:48:24.957700+00:00
NR-AR-LBD,pubchem,DecisionTree,random_under,f1_weighted,"{'ccp_alpha': 0.0, 'criterion': 'gini', 'max_depth': 5, 'min_samples_leaf': 20}",0.4981415984115165,1343,0.9880863737900224,0.9859563345020504,0.815153809097791,0.7806169078446306,0.4981415984115165,0.8263157894736842,0.8290281257212044,0.8112576468581405,0.901724376731302,0.8505303121544285,570.0,0.7973621103117506,0.8745459792858684,0.4659254964817151,0.5624493106244931,0.036974454648683,834.0,0.0155689716339111,0.0087449550628662,2026-04-22T08:01:58.768683+00:00
NR-AR-LBD,pubchem,LogisticRegression,smote,f1_weighted,"{'C': 0.001, 'l1_ratio': 1.0}",0.4485974392079442,1343,0.9873417721518988,0.9848802737186256,0.7991095390192611,0.7134044173648133,0.4485974392079442,0.774004465947153,0.7737319539826423,0.7737319539826422,0.8463997386969391,0.8571028698307743,10748.0,0.802158273381295,0.8774970087146784,0.4679374407949426,0.671279399837794,0.0292959261978931,834.0,0.1355619430541992,0.1026718616485595,2026-04-21T08:33:13.884891+00:00
NR-AR-LBD,pubchem,LogisticRegression,smoteenn,f1_weighted,"{'C': 0.001, 'l1_ratio': 1.0}",0.4485974392079442,1343,0.9873417721518988,0.9848802737186256,0.7991095390192611,0.7134044173648133,0.4485974392079442,0.7751007781006843,0.7748128725410177,0.7747448831814463,0.8471684695524794,0.8566548104355798,10667.0,0.802158273381295,0.8774970087146784,0.4679374407949426,0.6709752635847527,0.0291143720947703,834.0,0.1135740280151367,0.0939168930053711,2026-04-21T08:33:14.984678+00:00
NR-AR-LBD,pubchem,RandomForest,smoten,f1_weighted,"{'max_depth': 5, 'max_features': 'sqrt', 'min_samples_leaf': 5, 'n_estimators': 100}",0.4794878745082924,1343,0.9865971705137752,0.9837707579632708,0.7823103522800952,0.813874079715664,0.4794878745082924,0.8727205061406773,0.8711994399207816,0.8711994399207816,0.982783790345914,0.9833401320425712,10748.0,0.9676258992805756,0.9693948680178344,0.4917733089579524,0.6587591240875913,0.0346317401393292,834.0,0.6000828742980957,0.4371571540832519,2026-04-21T16:52:14.533919+00:00
NR-AR-LBD,pubchem,RandomForest,smoten_enn,f1_weighted,"{'max_depth': 5, 'max_features': 'sqrt', 'min_samples_leaf': 5, 'n_estimators': 100}",0.4593308394593327,1343,0.9865971705137752,0.9837707579632708,0.7823103522800952,0.8038588474232038,0.4593308394593327,0.8817577063618477,0.8804332688158166,0.8803418021344608,0.9841651769758328,0.9836796743979056,10673.0,0.973621103117506,0.9724380884114092,0.4933171324422843,0.6008718572587186,0.0260393082803851,834.0,0.8791921138763428,0.8978970050811768,2026-04-21T16:52:30.609849+00:00
NR-AR-LBD,rdkit,LogisticRegression,none,f1_weighted,"{'C': 0.001, 'l1_ratio': 0.0}",0.5340395183179955,1343,0.9873417721518988,0.9848802737186256,0.7991095390192611,0.8271896420411272,0.5340395183179955,0.9572250179726816,0.9640604053023144,0.7814075809888286,0.9820740211153116,0.7573022160220199,5564.0,0.9568345323741008,0.9652555105792516,0.538943488943489,0.658860502838605,0.0651859377818556,834.0,0.4000751972198486,0.3347508907318115,2026-04-21T08:33:20.577368+00:00
NR-AR-LBD,rdkit,BernoulliNB,random_over,f1_weighted,{'alpha': 0.1},0.446429241667943,1343,0.9865971705137752,0.9837707579632708,0.7823103522800952,0.7762376237623763,0.446429241667943,0.785355414960923,0.7832189546490735,0.7832189546490735,0.8078596493973866,0.8057598051472858,10748.0,0.8729016786570744,0.9192391221066482,0.4927240176276166,0.6124290348742902,0.0228659336650476,834.0,0.4213466644287109,0.3770818710327148,2026-04-21T14:06:17.775835+00:00
NR-AR-LBD,rdkit,XGBoost,random_under,f1_weighted,"{'colsample_bytree': 0.8, 'learning_rate': 0.1, 'max_depth': 3, 'min_child_weight': 5, 'n_estimators': 200, 'scale_pos_weight': 1, 'subsample': 0.8}",0.5741341469942215,1343,0.9873417721518988,0.9848802737186257,0.7991095390192611,0.8414826097994414,0.5741341469942215,0.9754385964912281,0.9751909744284887,0.9718303892913118,0.9983102493074792,0.9968202433563105,570.0,0.9580335731414868,0.9652388053598416,0.5162974132931215,0.6563260340632604,0.05721061416360789,834.0,0.38930416107177734,0.38221216201782227,2026-04-29T22:50:58.830134+00:00
NR-AR-LBD,rdkit,BernoulliNB,smote,f1_weighted,{'alpha': 0.1},0.3768517127954978,1343,0.985107967237528,0.9814412403498672,0.7462207105064248,0.6074384361513074,0.3768517127954978,0.777074804614812,0.7697264309144097,0.7697264309144098,0.8378920671266039,0.8451778478782361,10748.0,0.9592326139088728,0.9658772981614708,0.517361111111111,0.4482968369829683,0.0159055807054045,834.0,0.4076688289642334,0.4229938983917236,2026-04-21T14:06:19.937881+00:00
NR-AR-LBD,rdkit,BernoulliNB,smoteenn,f1_weighted,{'alpha': 0.1},0.3764968210584137,1343,0.985107967237528,0.9814412403498672,0.7462207105064248,0.6067275958365068,0.3764968210584137,0.7819696686013855,0.7748868159414196,0.7746356239610018,0.8409645586259331,0.8463634660370645,10682.0,0.9592326139088728,0.9658772981614708,0.517361111111111,0.4487023519870235,0.0159155957835038,834.0,0.3721599578857422,0.4496262073516845,2026-04-21T14:06:23.011897+00:00
NR-AR-LBD,rdkit,LogisticRegression,smoten,f1_weighted,"{'C': 0.01, 'l1_ratio': 1.0}",0.4651112979341441,1343,0.9858525688756516,0.9831014823914054,0.7754753671391741,0.7129093678598629,0.4651112979341441,0.8596017863788612,0.8580241056624842,0.8580241056624842,0.9770024982101724,0.977117346021145,10748.0,0.9532374100719424,0.963295298644805,0.5345116279069767,0.6739659367396593,0.0534378912530284,834.0,0.4198160171508789,0.44893479347229,2026-04-21T08:33:29.636083+00:00
NR-AR-LBD,rdkit,LogisticRegression,smoten_enn,f1_weighted,"{'C': 0.01, 'l1_ratio': 1.0}",0.4537819281252123,1343,0.9858525688756516,0.9831014823914054,0.7754753671391741,0.704061944656004,0.4537819281252123,0.8619262603461249,0.8602416164366311,0.8600655635596031,0.9820359866327356,0.9800359438468336,10632.0,0.9616306954436452,0.9678845159166783,0.545751633986928,0.6785279805352799,0.0520006037414945,834.0,0.3691062927246094,0.4043669700622558,2026-04-21T08:33:31.784806+00:00
NR-AR-LBD,topological_torsion,BalancedRandomForest,none,f1_weighted,"{'max_depth': 15, 'max_features': 'sqrt', 'min_samples_leaf': 5, 'n_estimators': 100}",0.4996008498139052,1343,0.9865971705137752,0.9837707579632708,0.7823103522800952,0.8274181264280275,0.4996008498139052,0.9593817397555716,0.9641980435638092,0.7660415440248928,0.933472567723738,0.6853222293915759,5564.0,0.9676258992805756,0.9703673891586696,0.5262460289074499,0.6514598540145985,0.1098695901713524,834.0,0.9771361351013184,0.8507459163665771,2026-04-21T22:11:51.534695+00:00
NR-AR-LBD,topological_torsion,XGBoost,random_over,f1_weighted,"{'colsample_bytree': 0.8, 'learning_rate': 0.1, 'max_depth': 3, 'min_child_weight': 10, 'n_estimators': 100, 'scale_pos_weight': 1, 'subsample': 0.8}",0.5171498419937748,1343,0.9865971705137752,0.9842008763148066,0.7920480352350148,0.7859609037826859,0.5171498419937748,0.9301265351693339,0.929973163493867,0.9299731634938669,0.9803322562742305,0.9814737882495809,10748.0,0.9664268585131894,0.969722683391748,0.5247863247863248,0.6391423357664233,0.11297316854662011,834.0,2.6556761264801025,2.6046719551086426,2026-04-29T22:55:09.533854+00:00
NR-AR-LBD,topological_torsion,BernoulliNB,random_under,f1_weighted,{'alpha': 1.0},0.463908582102207,1343,0.9858525688756516,0.982625318646004,0.7647010005071695,0.8463823305407463,0.463908582102207,0.856140350877193,0.848644396030017,0.8232116920842412,0.9077700831024932,0.8488135093739263,570.0,0.9628297362110312,0.9685455869404732,0.547651124136121,0.4824107866991078,0.03000029218165,834.0,0.0417568683624267,0.0088720321655273,2026-04-21T14:06:34.545334+00:00
NR-AR-LBD,topological_torsion,BernoulliNB,smote,f1_weighted,{'alpha': 1.0},0.4144641636185026,1343,0.985107967237528,0.9814412403498672,0.7462207105064248,0.6590759075907591,0.4144641636185026,0.7968924451060663,0.7893866863846872,0.7893866863846872,0.9552846071776764,0.9502651975019576,10748.0,0.974820143884892,0.9742804091601835,0.537095282146161,0.4755170316301703,0.0336536960862323,834.0,0.5380778312683105,0.4742209911346435,2026-04-21T14:06:35.726738+00:00
NR-AR-LBD,topological_torsion,BernoulliNB,smoteenn,f1_weighted,{'alpha': 10.0},0.4151604390701663,1343,0.985107967237528,0.9814412403498672,0.7462207105064248,0.6675044427519675,0.4151604390701663,0.794436146377894,0.7868523720545288,0.7867160004882746,0.9441928115652805,0.9392268504746354,10712.0,0.973621103117506,0.973621103117506,0.5349756690997567,0.464669505271695,0.0333515383244009,834.0,0.4672210216522217,0.8501288890838623,2026-04-21T14:06:38.464219+00:00
NR-AR-LBD,topological_torsion,BernoulliNB,smoten,f1_weighted,{'alpha': 10.0},0.4104114354299042,1343,0.985107967237528,0.9814412403498672,0.7462207105064248,0.6529068291444529,0.4104114354299042,0.8075921101600297,0.8014927706380907,0.8014927706380907,0.9583176361283546,0.952413627022171,10748.0,0.973621103117506,0.973621103117506,0.5349756690997567,0.4404399837793998,0.0327867801515345,834.0,0.4982566833496094,0.8068130016326904,2026-04-21T14:06:39.194714+00:00
NR-AR-LBD,topological_torsion,BernoulliNB,smoten_enn,f1_weighted,{'alpha': 10.0},0.404676183816483,1343,0.985107967237528,0.9814412403498672,0.7462207105064248,0.6753490733688754,0.404676183816483,0.9081718618365628,0.9067074453709464,0.904103113815617,0.9738781953181952,0.961736543760625,9496.0,0.973621103117506,0.973621103117506,0.5349756690997567,0.4524026763990267,0.0330384311737091,834.0,0.4468238353729248,0.4395341873168945,2026-04-21T14:06:41.906731+00:00
NR-AhR,atom_pair,XGBoost,none,f1_weighted,"{'colsample_bytree': 0.8, 'learning_rate': 0.1, 'max_depth': 3, 'min_child_weight': 10, 'n_estimators': 100, 'scale_pos_weight': 8, 'subsample': 0.8}",0.8325859833569935,1732,0.9815242494226328,0.9799653973174353,0.8938944917947422,0.9332532950199112,0.8325859833569935,0.8140947752126367,0.8404719514018831,0.7256239593817193,0.9423387883362355,0.7361145637066427,4938.0,0.7375,0.783271408881165,0.6308503625576796,0.8593805131307023,0.42500212278277877,880.0,1.5068271160125732,1.4143919944763184,2026-04-29T22:58:45.633911+00:00
NR-AhR,atom_pair,XGBoost,random_over,f1_weighted,"{'colsample_bytree': 0.8, 'learning_rate': 0.1, 'max_depth': 3, 'min_child_weight': 5, 'n_estimators': 100, 'scale_pos_weight': 1, 'subsample': 0.8}",0.8192681126706225,1732,0.98094688221709,0.9791308189506259,0.8885619863714795,0.9309800757083719,0.8192681126706225,0.875495453485661,0.8752608596789105,0.8752608596789104,0.9470564601024346,0.9435987584030783,8578.0,0.7863636363636364,0.8205801188029289,0.6703830919914886,0.8644840969806946,0.44834713480152694,880.0,2.370122194290161,2.281644821166992,2026-04-29T22:59:03.285085+00:00
NR-AhR,atom_pair,LogisticRegression,random_under,f1_weighted,"{'C': 0.1, 'l1_ratio': 1.0}",0.790661747813063,1732,0.9780600461893764,0.975886624626185,0.8708831953544944,0.9154874136471884,0.790661747813063,0.7919876733436055,0.7972810041594294,0.7806850056112664,0.878266552073713,0.7719446476966867,1947.0,0.7306818181818182,0.7780220849603212,0.6263537421059704,0.8554362619083624,0.431090446545264,880.0,0.0919301509857177,0.0706968307495117,2026-04-21T08:33:54.970960+00:00
NR-AhR,atom_pair,DecisionTree,smote,f1_weighted,"{'ccp_alpha': 0.001, 'criterion': 'entropy', 'max_depth': 10, 'min_samples_leaf': 50}",0.4591815927305898,1732,0.960161662817552,0.9566570026567884,0.7698223609829757,0.7702145945272162,0.4591815927305898,0.8442527395663325,0.844252527901395,0.844252527901395,0.9181438514299212,0.8988569534461988,8578.0,0.7670454545454546,0.800312486473348,0.6113333807317015,0.742653359544332,0.2946073690200476,880.0,1.4243531227111816,1.2142062187194824,2026-04-22T08:09:41.812167+00:00
NR-AhR,atom_pair,LogisticRegression,smoteenn,f1_weighted,"{'C': 0.01, 'l1_ratio': 1.0}",0.5120451419120636,1732,0.9566974595842956,0.9534993369011208,0.7557274301735859,0.7675805467535279,0.5120451419120636,0.8131553860819828,0.8128944389210359,0.8130100012351695,0.8924172879434078,0.8739513919738352,8392.0,0.7636363636363637,0.7998222894073238,0.6225636965003011,0.7793424567770553,0.2802377663104373,880.0,0.1935839653015136,0.173534870147705,2026-04-21T08:33:57.247341+00:00
NR-AhR,atom_pair,LogisticRegression,smoten,f1_weighted,"{'C': 0.001, 'l1_ratio': 0.0}",0.6053835690129233,1732,0.9670900692840648,0.9641949152382164,0.8098532547250669,0.7654582193443418,0.6053835690129233,0.8756120307764047,0.8753738538881696,0.8753738538881697,0.9417514730895636,0.9433772202787372,8578.0,0.8011363636363636,0.8282727531658336,0.6599773465426982,0.8041988003427593,0.3675806997250359,880.0,0.272061824798584,0.1835711002349853,2026-04-21T08:33:58.668603+00:00
NR-AhR,atom_pair,DecisionTree,smoten_enn,f1_weighted,"{'ccp_alpha': 0.001, 'criterion': 'entropy', 'max_depth': 10, 'min_samples_leaf': 50}",0.4920357276627302,1732,0.9676674364896074,0.9631567841806022,0.7971218206157966,0.7972701686709047,0.4920357276627302,0.8889154895858271,0.8889005908823323,0.8889134266884202,0.9548881445914016,0.9404518067725716,8354.0,0.8125,0.8336561074281503,0.6526240995619523,0.7809554413024851,0.2896467627817887,880.0,1.2409369945526123,1.1290290355682373,2026-04-22T08:09:51.529726+00:00
NR-AhR,avalon,BalancedRandomForest,none,f1_weighted,"{'max_depth': 5, 'max_features': 'log2', 'min_samples_leaf': 5, 'n_estimators': 200}",0.8483173745901958,1732,0.9803695150115472,0.978424874665534,0.8844744379487581,0.9508289213853188,0.8483173745901958,0.8086269744835966,0.8342203081077783,0.7071265367680493,0.9013012468560956,0.626341159188266,4938.0,0.7465909090909091,0.7891906307050798,0.62649338883401,0.8370381571651797,0.3548138368897988,880.0,1.3850281238555908,1.4245049953460691,2026-04-21T22:15:12.673913+00:00
NR-AhR,avalon,RandomForest,random_over,f1_weighted,"{'max_depth': 5, 'max_features': 'sqrt', 'min_samples_leaf': 10, 'n_estimators': 100}",0.8468508530311288,1732,0.9803695150115472,0.978424874665534,0.8844744379487581,0.948444173276388,0.8468508530311288,0.8318955467474936,0.831826350210181,0.831826350210181,0.9084675829513064,0.8973898849440941,8578.0,0.7602272727272728,0.7996141120485776,0.6382474248897774,0.8441201673471446,0.3736174687617657,880.0,0.3135449886322021,0.2965419292449951,2026-04-21T16:58:06.337094+00:00
NR-AhR,avalon,RandomForest,random_under,f1_weighted,"{'max_depth': 5, 'max_features': 'sqrt', 'min_samples_leaf': 5, 'n_estimators': 100}",0.8395107342065274,1732,0.9803695150115472,0.978713234649775,0.8872628975319136,0.945560825837942,0.8395107342065274,0.8310220852593734,0.8342418925376757,0.8180430171607901,0.9061819653799492,0.8088730011602718,1947.0,0.7534090909090909,0.7944090580899246,0.6323273164861613,0.8432506678764051,0.3796409427343227,880.0,0.1976368427276611,0.159060001373291,2026-04-21T16:58:09.494341+00:00
NR-AhR,avalon,XGBoost,smote,f1_weighted,"{'colsample_bytree': 0.8, 'learning_rate': 0.05, 'max_depth': 5, 'min_child_weight': 10, 'n_estimators': 200, 'scale_pos_weight': 1, 'subsample': 0.8}",0.5963290982263575,1732,0.9665127020785219,0.9618409550441953,0.789876171352075,0.8789158088790043,0.5963290982263575,0.9462578689671252,0.9462445546800365,0.9462445546800365,0.9862749742179088,0.9847197890020823,8578.0,0.8511363636363637,0.861577974123943,0.6894187377921466,0.836849135541106,0.3835253674822316,880.0,1.3552160263061523,1.3463361263275146,2026-04-29T23:03:54.081314+00:00
NR-AhR,avalon,XGBoost,smoteenn,f1_weighted,"{'colsample_bytree': 0.8, 'learning_rate': 0.05, 'max_depth': 3, 'min_child_weight': 1, 'n_estimators': 100, 'scale_pos_weight': 1, 'subsample': 0.8}",0.6388727331548211,1732,0.9670900692840647,0.9631875971936823,0.8001275471468918,0.8860962952757714,0.6388727331548211,0.8937914406268836,0.8938196920903231,0.89377600266872,0.9536847386881907,0.9427681141240215,8295.0,0.825,0.844584401001929,0.6748529256518776,0.822199959675387,0.3648683060184453,880.0,0.6342358589172363,0.58986496925354,2026-04-29T23:04:11.416623+00:00
NR-AhR,avalon,RandomForest,smoten,f1_weighted,"{'max_depth': 5, 'max_features': 'sqrt', 'min_samples_leaf': 5, 'n_estimators': 100}",0.6880162267474449,1732,0.9693995381062356,0.9635458976764818,0.7927963108010194,0.8773773675267504,0.6880162267474449,0.8729307530892982,0.8728545509216027,0.8728545509216026,0.9410849521467752,0.9344037646072708,8578.0,0.8136363636363636,0.8364408345503648,0.6651539196852001,0.8230127526589042,0.334823306830381,880.0,0.5191059112548828,0.3069570064544678,2026-04-21T16:58:53.559989+00:00
NR-AhR,avalon,RandomForest,smoten_enn,f1_weighted,"{'max_depth': 5, 'max_features': 'sqrt', 'min_samples_leaf': 20, 'n_estimators': 100}",0.6312039500676672,1732,0.9676674364896074,0.960975038959165,0.7762170642794518,0.8463034764182199,0.6312039500676672,0.8837041491280818,0.8837014342928917,0.883704088574137,0.9511797992461452,0.94100154963198,8315.0,0.8227272727272728,0.8422341172341172,0.6687258687258687,0.812074701345834,0.3367979371407965,880.0,0.4234082698822021,0.419633150100708,2026-04-21T16:58:57.114804+00:00
NR-AhR,erg,RUSBoost,none,f1_weighted,"{'learning_rate': 0.01, 'n_estimators': 75, 'sampling_strategy': 'auto'}",0.8332776026744313,1732,0.98094688221709,0.979130818950626,0.8885619863714795,0.9272241794432744,0.8332776026744313,0.7055488051842851,0.7528356803370361,0.6185734139126887,0.8584442733606341,0.5015879082575488,4938.0,0.6681818181818182,0.7278706329789921,0.5750310920589559,0.8156094057160139,0.3096856085055742,880.0,1.6026809215545654,1.5147972106933594,2026-04-29T18:21:28.075818+00:00
NR-AhR,erg,DecisionTree,random_over,f1_weighted,"{'ccp_alpha': 0.0, 'criterion': 'gini', 'max_depth': 5, 'min_samples_leaf': 10}",0.7472752609685607,1732,0.98094688221709,0.979130818950626,0.8885619863714795,0.8491966646329062,0.7472752609685607,0.7839822802518069,0.7813849256653259,0.781384925665326,0.8382214616264471,0.7794678557299515,8578.0,0.6556818181818181,0.7175632322221325,0.5522200073555219,0.703217148041736,0.2222029160060907,880.0,0.1214950084686279,0.1204068660736084,2026-04-22T08:11:40.164042+00:00
NR-AhR,erg,DecisionTree,random_under,f1_weighted,"{'ccp_alpha': 0.01, 'criterion': 'entropy', 'max_depth': 5, 'min_samples_leaf': 10}",0.7693126504302247,1732,0.9821016166281756,0.980527059164644,0.8965868578329311,0.8653716205134262,0.7693126504302247,0.66974833076528,0.6769521454667917,0.6671507288184035,0.7741950992519011,0.5462456447232641,1947.0,0.5693181818181818,0.6426028191585125,0.5022617006257546,0.7618516558294268,0.2344091532306871,880.0,0.0326809883117675,0.0233218669891357,2026-04-22T08:11:44.090564+00:00
NR-AhR,erg,DecisionTree,smote,f1_weighted,"{'ccp_alpha': 0.01, 'criterion': 'gini', 'max_depth': 5, 'min_samples_leaf': 10}",0.7889999118860029,1732,0.9797921478060048,0.9777135732105828,0.8803355027705233,0.8922172580973187,0.7889999118860029,0.7245278619724878,0.7193693741401974,0.7193693741401974,0.8000865808584601,0.7324791427932563,8578.0,0.6431818181818182,0.7072975852272726,0.5502604166666667,0.7572962346892484,0.2196830182671245,880.0,0.1657750606536865,0.16105318069458,2026-04-22T08:11:46.698571+00:00
NR-AhR,erg,DecisionTree,smoteenn,f1_weighted,"{'ccp_alpha': 0.0, 'criterion': 'entropy', 'max_depth': 5, 'min_samples_leaf': 10}",0.7992477879697442,1732,0.9849884526558892,0.9839310405675812,0.9158160785457372,0.897596882442087,0.7992477879697442,0.7720883534136547,0.7663705972590262,0.7685586971676356,0.8777684730009974,0.8142848797563057,7968.0,0.6215909090909091,0.6888359432118532,0.5397944905372363,0.7676861232925047,0.2409608505464249,880.0,0.158700942993164,0.166064977645874,2026-04-22T08:11:50.382912+00:00
NR-AhR,erg,LogisticRegression,smoten,f1_weighted,"{'C': 0.1, 'l1_ratio': 1.0}",0.5204289198092592,1732,0.9717090069284064,0.9671259486879924,0.816372586141613,0.6306822282141615,0.5204289198092592,0.7761716017719749,0.7761530934000218,0.7761530934000218,0.8598290040276653,0.8408853357296338,8578.0,0.7579545454545454,0.7977147197457205,0.634818490528543,0.8000907303795555,0.3766103963463021,880.0,0.0412969589233398,0.034308910369873,2026-04-21T08:34:17.020311+00:00
NR-AhR,erg,LogisticRegression,smoten_enn,f1_weighted,"{'C': 0.1, 'l1_ratio': 1.0}",0.4779901496219539,1732,0.96824480369515,0.9621702711737072,0.7849773036614351,0.6002217454912844,0.4779901496219539,0.8017909649826249,0.8024615176896426,0.7989784571830487,0.884597062077024,0.8294378580074961,7482.0,0.7727272727272727,0.8077393963282807,0.6386808566548416,0.779077826503352,0.3483352950530942,880.0,0.0339241027832031,0.0284910202026367,2026-04-21T08:34:26.929115+00:00
NR-AhR,estate,BalancedRandomForest,none,f1_weighted,"{'max_depth': 5, 'max_features': 'sqrt', 'min_samples_leaf': 5, 'n_estimators': 100}",0.8270440006966691,1732,0.9803695150115472,0.978424874665534,0.8844744379487581,0.9359103046048272,0.8270440006966691,0.6871202916160389,0.7376671048355349,0.6016801128776893,0.8511595398843423,0.5224482314576864,4938.0,0.6977272727272728,0.7519349362527716,0.6017530487804879,0.8371263672564142,0.4463087298381414,880.0,0.5541131496429443,0.3783149719238281,2026-04-21T22:18:29.620766+00:00
NR-AhR,estate,RandomForest,random_over,f1_weighted,"{'max_depth': 5, 'max_features': 'sqrt', 'min_samples_leaf': 10, 'n_estimators': 100}",0.8601337383445503,1732,0.9803695150115472,0.978424874665534,0.8844744379487581,0.945219678928274,0.8601337383445503,0.7565866169270227,0.7542749567635334,0.7542749567635334,0.8633900610915016,0.8623997567979287,8578.0,0.6806818181818182,0.7381117763189866,0.5882173682080761,0.844101265184737,0.4125268485422335,880.0,0.3396017551422119,0.1679663658142089,2026-04-21T17:00:12.734439+00:00
NR-AhR,estate,DecisionTree,random_under,f1_weighted,"{'ccp_alpha': 0.0, 'criterion': 'gini', 'max_depth': 5, 'min_samples_leaf': 50}",0.7960107990283383,1732,0.9815242494226328,0.9798315125313012,0.8925991380646761,0.8976756086520105,0.7960107990283383,0.6646122239342578,0.6717578293743914,0.6621563843834044,0.7856795211787246,0.5964116492701718,1947.0,0.6125,0.6801433811780285,0.5411557651404989,0.8179595745753314,0.3125968403417019,880.0,0.0073699951171875,0.0042729377746582,2026-04-22T08:12:03.985320+00:00
NR-AhR,estate,DecisionTree,smote,f1_weighted,"{'ccp_alpha': 0.01, 'criterion': 'entropy', 'max_depth': 5, 'min_samples_leaf': 10}",0.8049484715289676,1732,0.9774826789838336,0.9746280623857392,0.8614681326253746,0.8977084112394785,0.8049484715289676,0.7497085567731406,0.7477019387916404,0.7477019387916404,0.8270660830970757,0.7960054363508653,8578.0,0.6920454545454545,0.7454985894130592,0.56391909609396,0.7376442865063764,0.2168085292210181,880.0,0.0299358367919921,0.0273058414459228,2026-04-22T08:12:04.581033+00:00
NR-AhR,estate,DecisionTree,smoteenn,f1_weighted,"{'ccp_alpha': 0.01, 'criterion': 'entropy', 'max_depth': 5, 'min_samples_leaf': 10}",0.8049484715289676,1732,0.979214780600462,0.9768334492481334,0.8745684972842487,0.8977084112394785,0.8049484715289676,0.7621582385676264,0.7619040110992783,0.762073496078177,0.8313728689322429,0.7832804826266742,8266.0,0.7034090909090909,0.7555433087537714,0.588516146369866,0.7674971016684309,0.2581428653861096,880.0,0.0320127010345459,0.0291409492492675,2026-04-22T08:12:04.957166+00:00
NR-AhR,estate,RandomForest,smoten,f1_weighted,"{'max_depth': 5, 'max_features': 'log2', 'min_samples_leaf': 5, 'n_estimators': 200}",0.7421257934906155,1732,0.9740184757505772,0.9705057021932384,0.8380484358604067,0.8934768774560937,0.7421257934906155,0.8076474702727908,0.8064020799701923,0.8064020799701923,0.8960178947908026,0.8907729490545431,8578.0,0.775,0.8096620023649981,0.6422940480882933,0.8021888704067746,0.3230062390459737,880.0,0.4161081314086914,0.3992938995361328,2026-04-21T17:00:30.314120+00:00
NR-AhR,estate,DecisionTree,smoten_enn,f1_weighted,"{'ccp_alpha': 0.001, 'criterion': 'gini', 'max_depth': 5, 'min_samples_leaf': 10}",0.6100153562408652,1732,0.97459584295612,0.9710517589990448,0.8405957161981259,0.8142553484618866,0.6100153562408652,0.7869785864587201,0.7866449788854074,0.7868991318305724,0.8294253385509104,0.7329676332891821,8079.0,0.7375,0.7800514088631483,0.5991410164638511,0.7454067745350068,0.2334167627727804,880.0,0.0194401741027832,0.0172789096832275,2026-04-22T08:12:07.829944+00:00
NR-AhR,fcfp,EasyEnsemble,none,f1_weighted,"{'n_estimators': 20, 'replacement': True}",0.8270306842929922,1732,0.9815242494226328,0.9798315125313012,0.8925991380646761,0.929822144370748,0.8270306842929922,0.6688942891859052,0.722504640702074,0.5828183990994582,0.8260788967800599,0.4711159207795182,4938.0,0.6693181818181818,0.7288020123511529,0.5770621276708193,0.8289039266092041,0.3915214186172557,880.0,43.37818789482117,41.208561182022095,2026-04-21T22:19:02.036025+00:00
NR-AhR,fcfp,BernoulliNB,random_over,f1_weighted,{'alpha': 50.0},0.7719914061828129,1732,0.979214780600462,0.9771557496458596,0.8776788166516263,0.9014183838821208,0.7719914061828129,0.7501748659361156,0.7461281816487534,0.7461281816487533,0.8607053042966275,0.86128081982158,8578.0,0.6431818181818182,0.7066969886087839,0.5645239581166355,0.8559466202933615,0.4371721835248588,880.0,0.4217450618743896,0.3444910049438476,2026-04-21T14:07:25.251128+00:00
NR-AhR,fcfp,DecisionTree,random_under,f1_weighted,"{'ccp_alpha': 0.0, 'criterion': 'entropy', 'max_depth': 10, 'min_samples_leaf': 50}",0.7951331525540548,1732,0.9815242494226328,0.9798315125313012,0.8925991380646761,0.9075065441162,0.7951331525540548,0.714432460195172,0.722598333126732,0.705720462003858,0.8116991650067307,0.655122269150438,1947.0,0.6829545454545455,0.7398607457496201,0.5841174607315209,0.8153258732799032,0.3376828291886552,880.0,0.2193930149078369,0.2027666568756103,2026-04-22T08:12:10.446348+00:00
NR-AhR,fcfp,LogisticRegression,smote,f1_weighted,"{'C': 0.01, 'l1_ratio': 1.0}",0.6771436924829103,1732,0.9757505773672056,0.97257490756318,0.8498352696375933,0.8702296837174517,0.6771436924829103,0.7695266961995804,0.7687997431190965,0.7687997431190965,0.851381540104246,0.8380787243608714,8578.0,0.7125,0.7629409628786776,0.5997922025629548,0.8044886334996723,0.3665877582180885,880.0,0.1163210868835449,0.1366069316864013,2026-04-21T08:34:33.273645+00:00
NR-AhR,fcfp,LogisticRegression,smoteenn,f1_weighted,"{'C': 0.01, 'l1_ratio': 1.0}",0.6766056036265573,1732,0.9757505773672056,0.97257490756318,0.8498352696375933,0.8680450313920762,0.6766056036265573,0.7703389830508475,0.7700020673297785,0.7702109156714938,0.8613789152986572,0.8409040254959544,8260.0,0.7193181818181819,0.7682599047344056,0.6052815565010686,0.8026173194213418,0.3781414282368169,880.0,0.1419179439544677,0.1287291049957275,2026-04-21T08:34:34.832223+00:00
NR-AhR,fcfp,RandomForest,smoten,f1_weighted,"{'max_depth': 5, 'max_features': 'sqrt', 'min_samples_leaf': 10, 'n_estimators': 100}",0.6922998728987599,1732,0.9751732101616628,0.9718165598735388,0.8452462831554997,0.8647483713515323,0.6922998728987599,0.8346934017253439,0.8332429876832146,0.8332429876832146,0.9240010108982508,0.9167098278886816,8578.0,0.7545454545454545,0.7954344204559429,0.6347312753658837,0.8382226926760421,0.4110396589646271,880.0,1.2457470893859863,0.872488260269165,2026-04-21T17:01:11.152526+00:00
NR-AhR,fcfp,LogisticRegression,smoten_enn,f1_weighted,"{'C': 0.01, 'l1_ratio': 1.0}",0.6304904279539799,1732,0.9734411085450346,0.969502237412361,0.8311046289779617,0.8456933482913132,0.6304904279539799,0.829733317243876,0.8295262419639703,0.8296547257730376,0.9057119490031796,0.8856229755729934,8287.0,0.7647727272727273,0.8019618346221872,0.6332380992649057,0.8152754675134836,0.3986293631659525,880.0,0.1420779228210449,0.1278297901153564,2026-04-21T08:34:44.571979+00:00
NR-AhR,klekota_roth,XGBoost,none,f1_weighted,"{'colsample_bytree': 0.8, 'learning_rate': 0.1, 'max_depth': 5, 'min_child_weight': 1, 'n_estimators': 200, 'scale_pos_weight': 4, 'subsample': 0.8}",0.6044218306474637,1732,0.9607390300230947,0.9596833649793394,0.7964775492147755,0.8684583439941742,0.6044218306474637,0.93681652490887,0.9402223666876541,0.8769710193673764,0.9809397027764076,0.8921301485707155,4938.0,0.8397727272727272,0.853849732563923,0.6808305402575889,0.8367987297746862,0.4351345564908057,880.0,7.064528226852417,7.0396318435668945,2026-04-29T23:08:14.047367+00:00
NR-AhR,klekota_roth,XGBoost,random_over,f1_weighted,"{'colsample_bytree': 0.8, 'learning_rate': 0.1, 'max_depth': 5, 'min_child_weight': 10, 'n_estimators': 200, 'scale_pos_weight': 1, 'subsample': 0.8}",0.5679822018120088,1732,0.9532332563510393,0.9544601949673401,0.7820195494399462,0.8729916615822656,0.5679822018120088,0.8964793658195384,0.8964509898599711,0.8964509898599711,0.9639455713159741,0.9594233825771993,8578.0,0.8204545454545454,0.8435519862181623,0.6842267825834174,0.8259740914360603,0.4120047327608007,880.0,11.351022720336914,11.208456039428711,2026-04-29T23:08:17.100081+00:00
NR-AhR,klekota_roth,XGBoost,random_under,f1_weighted,"{'colsample_bytree': 0.8, 'learning_rate': 0.1, 'max_depth': 3, 'min_child_weight': 1, 'n_estimators': 200, 'scale_pos_weight': 1, 'subsample': 0.8}",0.6440122718994259,1732,0.9607390300230947,0.9594568040253162,0.7942633546448661,0.8784500121369573,0.6440122718994259,0.8736517719568567,0.8718337447676291,0.8539564774068906,0.9426093480309876,0.9004227068138118,1947.0,0.8284090909090909,0.8454000900752039,0.6686936987476283,0.825243207822975,0.4165531670182511,880.0,2.471796989440918,2.3803951740264893,2026-04-29T23:09:13.038092+00:00
NR-AhR,klekota_roth,LogisticRegression,smote,f1_weighted,"{'C': 0.001, 'l1_ratio': 1.0}",0.0536951501154734,1732,0.9463048498845266,0.920197952513046,0.4862058736280035,0.5,0.0536951501154734,0.5,0.3333333333333333,0.3333333333333333,0.5,0.5,8578.0,0.884090909090909,0.8297017216800089,0.4692400482509047,0.5,0.1159090909090909,880.0,0.4029488563537597,0.2505497932434082,2026-04-21T08:34:55.016154+00:00
NR-AhR,klekota_roth,LogisticRegression,smoteenn,f1_weighted,"{'C': 0.001, 'l1_ratio': 1.0}",0.0536951501154734,1732,0.9463048498845266,0.920197952513046,0.4862058736280035,0.5,0.0536951501154734,0.5250336638511446,0.3615137878082451,0.344276769947022,0.5,0.4749663361488554,8169.0,0.884090909090909,0.8297017216800089,0.4692400482509047,0.5,0.1159090909090909,880.0,0.3866629600524902,0.2443289756774902,2026-04-21T08:34:45.468448+00:00
NR-AhR,klekota_roth,LogisticRegression,smoten,f1_weighted,"{'C': 0.001, 'l1_ratio': 1.0}",0.0536951501154734,1732,0.9463048498845266,0.920197952513046,0.4862058736280035,0.5,0.0536951501154734,0.5,0.3333333333333333,0.3333333333333333,0.5,0.5,8578.0,0.884090909090909,0.8297017216800089,0.4692400482509047,0.5,0.1159090909090909,880.0,0.3430368900299072,0.2543039321899414,2026-04-21T08:34:47.050125+00:00
NR-AhR,klekota_roth,LogisticRegression,smoten_enn,f1_weighted,"{'C': 0.001, 'l1_ratio': 1.0}",0.0536951501154734,1732,0.9463048498845266,0.920197952513046,0.4862058736280035,0.5,0.0536951501154734,0.5203202717457236,0.3561528320327815,0.3422438557293329,0.5,0.4796797282542763,8243.0,0.884090909090909,0.8297017216800089,0.4692400482509047,0.5,0.1159090909090909,880.0,0.4234540462493896,0.227849006652832,2026-04-21T08:34:55.376121+00:00
NR-AhR,maccs,DecisionTree,none,f1_weighted,"{'ccp_alpha': 0.01, 'criterion': 'gini', 'max_depth': 5, 'min_samples_leaf': 10}",0.804686896203406,1732,0.9861431870669746,0.985259956063764,0.9231929046563192,0.9028748187657042,0.804686896203406,0.5805994329688133,0.6456996389949357,0.5201221350547738,0.7615155550749562,0.2931205117451461,4938.0,0.5840909090909091,0.6554485349361383,0.5160330578512397,0.7965749281717829,0.2947352546304164,880.0,0.0336430072784423,0.0284559726715087,2026-04-22T08:16:04.800946+00:00
NR-AhR,maccs,DecisionTree,random_over,f1_weighted,"{'ccp_alpha': 0.01, 'criterion': 'gini', 'max_depth': 5, 'min_samples_leaf': 10}",0.804686896203406,1732,0.9861431870669746,0.985259956063764,0.9231929046563192,0.9028748187657042,0.804686896203406,0.7084401958498484,0.6988210424262299,0.69882104242623,0.7722795945817463,0.7192307099499597,8578.0,0.5795454545454546,0.651349286822642,0.512665313624417,0.7931221331720348,0.2928705668423075,880.0,0.0444188117980957,0.0396149158477783,2026-04-22T08:16:07.729189+00:00
NR-AhR,maccs,DecisionTree,random_under,f1_weighted,"{'ccp_alpha': 0.0, 'criterion': 'gini', 'max_depth': 5, 'min_samples_leaf': 50}",0.7927327955073031,1732,0.98094688221709,0.979130818950626,0.8885619863714795,0.902897780576932,0.7927327955073031,0.7288135593220338,0.7362990483065844,0.7171727398381857,0.813012670910088,0.6522500937506079,1947.0,0.7272727272727273,0.774666847215695,0.6144747218084641,0.8327158626946923,0.3964784630816819,880.0,0.0141949653625488,0.0084171295166015,2026-04-22T08:16:08.024565+00:00
NR-AhR,maccs,XGBoost,smote,f1_weighted,"{'colsample_bytree': 0.8, 'learning_rate': 0.05, 'max_depth': 3, 'min_child_weight': 5, 'n_estimators': 100, 'scale_pos_weight': 1, 'subsample': 0.8}",0.7360907483593672,1732,0.9763279445727483,0.9733269373798796,0.8543639342984707,0.9108688093316801,0.7360907483593672,0.8475169037071578,0.8470053780358119,0.8470053780358118,0.9163986439960032,0.9017947973118549,8578.0,0.7965909090909091,0.8274304295469125,0.6730043863746291,0.8566838046272494,0.3998263533262489,880.0,0.23129606246948242,0.209075927734375,2026-04-29T23:17:15.244570+00:00
NR-AhR,maccs,XGBoost,smoteenn,f1_weighted,"{'colsample_bytree': 0.8, 'learning_rate': 0.05, 'max_depth': 3, 'min_child_weight': 1, 'n_estimators': 100, 'scale_pos_weight': 1, 'subsample': 0.8}",0.7265403499279351,1732,0.9757505773672055,0.97257490756318,0.8498352696375933,0.9081461945718279,0.7265403499279351,0.8574053656743844,0.8574114773755812,0.8574052608167658,0.9292216055455402,0.9095245569212299,8163.0,0.8147727272727273,0.8400483358058909,0.6832931856369132,0.8573075759866928,0.4109345689124671,880.0,0.2212049961090088,0.21254396438598633,2026-04-29T23:17:15.644579+00:00
NR-AhR,maccs,DecisionTree,smoten,f1_weighted,"{'ccp_alpha': 0.0, 'criterion': 'gini', 'max_depth': 5, 'min_samples_leaf': 50}",0.7334935155074909,1732,0.9797921478060048,0.9775569205332406,0.8788237387134368,0.8497871112073321,0.7334935155074909,0.7701095826532991,0.7690683293782191,0.7690683293782191,0.8487093950750294,0.8003420266651493,8578.0,0.740909090909091,0.7839039748130658,0.6129360835243188,0.7941554513836383,0.3106406308896374,880.0,0.066741943359375,0.0676648616790771,2026-04-22T08:16:14.526276+00:00
NR-AhR,maccs,DecisionTree,smoten_enn,f1_weighted,"{'ccp_alpha': 0.01, 'criterion': 'entropy', 'max_depth': 10, 'min_samples_leaf': 10}",0.7841707586900708,1732,0.979214780600462,0.9768334492481334,0.8745684972842487,0.8708398118443583,0.7841707586900708,0.7904425210288919,0.7904516645654647,0.7904423217147432,0.8600984348381792,0.8070124734436128,8203.0,0.7602272727272728,0.7987251355568654,0.6308247789581258,0.801016936337517,0.2995421150287919,880.0,0.0805282592773437,0.0741448402404785,2026-04-22T08:16:17.960555+00:00
NR-AhR,map4,XGBoost,none,f1_weighted,"{'colsample_bytree': 0.8, 'learning_rate': 0.05, 'max_depth': 3, 'min_child_weight': 1, 'n_estimators': 100, 'scale_pos_weight': 8, 'subsample': 0.8}",0.7235716407929599,1732,0.9740184757505773,0.971346022699321,0.8461456464192443,0.8940214004080642,0.7235716407929599,0.795868772782503,0.8255954614220602,0.7042892432068268,0.9154891881298812,0.6371198983443063,4938.0,0.7238636363636364,0.7707493043889325,0.5975541591151612,0.7951635667120318,0.3687776733326407,880.0,0.7950949668884277,0.846534252166748,2026-04-29T23:17:49.022985+00:00
NR-AhR,map4,XGBoost,random_over,f1_weighted,"{'colsample_bytree': 0.8, 'learning_rate': 0.05, 'max_depth': 3, 'min_child_weight': 10, 'n_estimators': 100, 'scale_pos_weight': 1, 'subsample': 0.8}",0.7568051598659549,1732,0.9745958429561201,0.9714800590810809,0.8447168519544876,0.8973967866585317,0.7568051598659549,0.8456516670552576,0.8456183578199382,0.8456183578199382,0.9188609009769279,0.9103569920980906,8578.0,0.7772727272727272,0.8086710858585859,0.6256944444444444,0.7956298200514139,0.34476376850497154,880.0,1.2927050590515137,1.2358028888702393,2026-04-29T23:17:49.746194+00:00
NR-AhR,map4,RandomForest,random_under,f1_weighted,"{'max_depth': 10, 'max_features': 'log2', 'min_samples_leaf': 20, 'n_estimators': 100}",0.7229785848362105,1732,0.97459584295612,0.9710517589990448,0.8405957161981259,0.8691570391072447,0.7229785848362105,0.8305084745762712,0.8328255920064156,0.8149231013854195,0.8998744067559193,0.825307231730806,1947.0,0.7738636363636363,0.8058822296471104,0.6208859128981488,0.7927062855990726,0.3733015107737279,880.0,0.2738008499145508,0.2029900550842285,2026-04-21T17:05:37.900366+00:00
NR-AhR,map4,DecisionTree,smote,f1_weighted,"{'ccp_alpha': 0.0, 'criterion': 'entropy', 'max_depth': 5, 'min_samples_leaf': 50}",0.1665531519641355,1732,0.9330254041570438,0.9326818308724306,0.6670996818663839,0.652768210356433,0.1665531519641355,0.7815341571461879,0.7814421504024113,0.7814421504024114,0.8635789929515995,0.8275115875374874,8578.0,0.7363636363636363,0.7747829156808582,0.5653358768224553,0.6308533696254852,0.1911781657967218,880.0,0.545220136642456,0.5290622711181641,2026-04-22T08:16:57.787909+00:00
NR-AhR,map4,DecisionTree,smoteenn,f1_weighted,"{'ccp_alpha': 0.0, 'criterion': 'gini', 'max_depth': 5, 'min_samples_leaf': 50}",0.1465001527819801,1732,0.9324480369515012,0.929639085099388,0.640129780874902,0.6175644734856686,0.1465001527819801,0.7863441372735939,0.7863691674504049,0.7863053919314069,0.8680133394197116,0.8259653824536602,8392.0,0.7568181818181818,0.7884641674115358,0.5745373048004627,0.6181259136045164,0.1884207128876373,880.0,0.5575900077819824,0.4988460540771484,2026-04-22T08:17:22.648557+00:00
NR-AhR,map4,DecisionTree,smoten,f1_weighted,"{'ccp_alpha': 0.0, 'criterion': 'entropy', 'max_depth': 5, 'min_samples_leaf': 10}",0.1321539117352303,1732,0.9301385681293304,0.9244923015178892,0.6011912577664869,0.6076252894828345,0.1321539117352303,0.8032175332245278,0.803150748697067,0.803150748697067,0.8837955173979579,0.8457476182657796,8578.0,0.775,0.799328634258585,0.5770832726531325,0.6314897424265336,0.1865010356691931,880.0,0.5932462215423584,0.4068779945373535,2026-04-22T08:17:48.863250+00:00
NR-AhR,map4,LogisticRegression,smoten_enn,f1_weighted,"{'C': 0.001, 'l1_ratio': 1.0}",0.0536951501154734,1732,0.9463048498845266,0.920197952513046,0.4862058736280035,0.5,0.0536951501154734,0.5147005880235209,0.3497941407119127,0.3398035176675645,0.5,0.4852994119764791,8333.0,0.884090909090909,0.8297017216800089,0.4692400482509047,0.5,0.1159090909090909,880.0,0.0847790241241455,0.0824368000030517,2026-04-21T08:35:26.073565+00:00
NR-AhR,mhfp,LogisticRegression,none,f1_weighted,"{'C': 0.001, 'l1_ratio': 0.0}",0.7657479487490028,1732,0.9757505773672056,0.9729723574561556,0.8536632468316234,0.9338503021118306,0.7657479487490028,0.8564196030781693,0.8728496251078186,0.7639146885177939,0.9396104486303696,0.7119160660713894,4938.0,0.7886363636363637,0.8196757787666878,0.6531468531468532,0.8244997227682846,0.3454127172955896,880.0,0.749492883682251,0.7176539897918701,2026-04-21T08:35:29.586733+00:00
NR-AhR,mhfp,BernoulliNB,random_over,f1_weighted,{'alpha': 50.0},0.7804286506872761,1732,0.9757505773672056,0.9723675881354518,0.8478413654618474,0.9161565864315376,0.7804286506872761,0.7543716484028912,0.7543305121154189,0.7543305121154189,0.8362919158419052,0.8277888715873518,8578.0,0.7454545454545455,0.7878579175098668,0.6212028040831385,0.8209650183981047,0.33389698865532,880.0,0.3744080066680908,0.3301827907562256,2026-04-21T14:08:48.583888+00:00
NR-AhR,mhfp,BernoulliNB,random_under,f1_weighted,{'alpha': 0.1},0.775341135189838,1732,0.9751732101616628,0.9716012384763206,0.8431763960219245,0.9147788777578776,0.775341135189838,0.7560349255264509,0.7610289731947898,0.7383636799307904,0.8382120412819534,0.7112808524218205,1947.0,0.75,0.7911530235271242,0.6235660120552207,0.8232080750037805,0.3399015713135622,880.0,0.0895249843597412,0.0474941730499267,2026-04-21T14:08:53.338818+00:00
NR-AhR,mhfp,LogisticRegression,smote,f1_weighted,"{'C': 0.1, 'l1_ratio': 0.0}",0.5247075894936475,1732,0.9526558891454964,0.9468492010147416,0.7106086786424543,0.8847120260846175,0.5247075894936475,0.9954534856609932,0.9954534678040948,0.9954534678040948,0.999939550502538,0.9999393597697916,8578.0,0.8420454545454545,0.8365314966524388,0.5880357942738592,0.7547507434850547,0.2666922242648304,880.0,2.6202900409698486,2.537086009979248,2026-04-21T08:35:49.432633+00:00
NR-AhR,mhfp,LogisticRegression,smoteenn,f1_weighted,"{'C': 0.1, 'l1_ratio': 0.0}",0.5051374793182917,1732,0.9515011547344112,0.9447351762709034,0.6956827309236948,0.8811037414631266,0.5051374793182917,0.9965986394557824,0.996598584566384,0.996598416669401,0.9999414224564566,0.9999435773771636,8526.0,0.8477272727272728,0.8420225070257554,0.6009961561366466,0.7553178083572761,0.2644412970399317,880.0,2.3609371185302734,2.258983850479126,2026-04-21T08:35:49.783682+00:00
NR-AhR,mhfp,KNeighbors,smoten,f1_weighted,"{'n_neighbors': 15, 'weights': 'uniform'}",0.4150845134577178,1732,0.957852193995381,0.9550254100030072,0.7650163642547434,0.8519881648264416,0.4150845134577178,0.951737001632082,0.9516671936428382,0.9516671936428382,0.9971604500899974,0.9966941817091074,8578.0,0.8465909090909091,0.854681093420269,0.6660961069841564,0.7819950602348908,0.3341205686697914,880.0,79.24673295021057,56.80204224586487,2026-04-23T20:32:33.676750+00:00
NR-AhR,mhfp,KNeighbors,smoten_enn,f1_weighted,"{'n_neighbors': 15, 'weights': 'uniform'}",0.4141192362803609,1732,0.957852193995381,0.9550254100030072,0.7650163642547434,0.8547534229500022,0.4141192362803609,0.9526044110746128,0.952546510884705,0.952556101713708,0.9974792879178308,0.9970077334050744,8524.0,0.8465909090909091,0.854681093420269,0.6660961069841564,0.7858384999243913,0.3342225917923513,880.0,82.42522287368774,55.01791310310364,2026-04-23T20:34:39.234086+00:00
NR-AhR,morgan_2048,DecisionTree,none,f1_weighted,"{'ccp_alpha': 0.01, 'criterion': 'entropy', 'max_depth': 10, 'min_samples_leaf': 50}",0.7023837956493838,1732,0.9826789838337182,0.9813398029681986,0.90171004842615,0.8168172305431451,0.7023837956493838,0.5496152288375861,0.6171634043112937,0.4960425379446455,0.754088018908154,0.2800539980715695,4938.0,0.6056818181818182,0.6751988921106329,0.5269542801993434,0.7427415696355664,0.2320177201489486,880.0,0.3242280483245849,0.3003880977630615,2026-04-22T08:21:00.403189+00:00
NR-AhR,morgan_2048,XGBoost,random_over,f1_weighted,"{'colsample_bytree': 0.8, 'learning_rate': 0.1, 'max_depth': 3, 'min_child_weight': 5, 'n_estimators': 100, 'scale_pos_weight': 1, 'subsample': 0.8}",0.8714246010927562,1732,0.9797921478060047,0.9775569205332406,0.8788237387134368,0.9435237851561731,0.8714246010927562,0.8458848216367452,0.8458803896190876,0.8458803896190876,0.9270118253242189,0.9212077342228141,8578.0,0.7784090909090909,0.812005216545519,0.6437757281734787,0.8439626493270831,0.4275582906634585,880.0,2.1804568767547607,2.199077844619751,2026-04-29T23:26:30.440373+00:00
NR-AhR,morgan_2048,DecisionTree,random_under,f1_weighted,"{'ccp_alpha': 0.01, 'criterion': 'entropy', 'max_depth': 10, 'min_samples_leaf': 50}",0.7023837956493838,1732,0.9826789838337182,0.9813398029681986,0.90171004842615,0.8168172305431451,0.7023837956493838,0.6142783769902413,0.6195042140964577,0.6134152225669525,0.7486562235132395,0.5362018199054263,1947.0,0.6056818181818182,0.6751988921106329,0.5269542801993434,0.7430251020716769,0.2320965215609001,880.0,0.1894481182098388,0.171015977859497,2026-04-22T08:21:21.783635+00:00
NR-AhR,morgan_2048,LogisticRegression,smote,f1_weighted,"{'C': 0.01, 'l1_ratio': 1.0}",0.5341065668706951,1732,0.96824480369515,0.9621702711737072,0.7849773036614351,0.8046769929212017,0.5341065668706951,0.7950571228724644,0.7947496633404952,0.7947496633404952,0.8688551142422114,0.8565548489434465,8578.0,0.7681818181818182,0.8014251146563125,0.6141545445166615,0.7642396290135592,0.2585552844706576,880.0,0.1862902641296386,0.1498241424560547,2026-04-21T08:36:19.357139+00:00
NR-AhR,morgan_2048,LogisticRegression,smoteenn,f1_weighted,"{'C': 0.01, 'l1_ratio': 1.0}",0.516761334914358,1732,0.9670900692840648,0.9604530301239844,0.7738918930060945,0.7983821763860733,0.516761334914358,0.8021218262009775,0.8019111681504595,0.8020148514096987,0.8752753498740397,0.8571368556028383,8389.0,0.7727272727272727,0.8047664141414141,0.6180555555555556,0.7615366197893039,0.2564940896892348,880.0,0.1696100234985351,0.1307649612426757,2026-04-21T08:36:19.760767+00:00
NR-AhR,morgan_2048,LogisticRegression,smoten,f1_weighted,"{'C': 0.01, 'l1_ratio': 1.0}",0.5520223824393645,1732,0.96824480369515,0.9621702711737072,0.7849773036614351,0.8045425023125823,0.5520223824393645,0.8105619025413849,0.8104383457459606,0.8104383457459607,0.8902524152482552,0.8833977339436159,8578.0,0.7818181818181819,0.8098859579359948,0.6162755838988363,0.7761164877261958,0.2848827400039184,880.0,0.178642988204956,0.1464250087738037,2026-04-21T08:36:23.358435+00:00
NR-AhR,morgan_2048,LogisticRegression,smoten_enn,f1_weighted,"{'C': 0.01, 'l1_ratio': 1.0}",0.5380871967989113,1732,0.9676674364896074,0.961315956153614,0.7794754265342501,0.7975030670419283,0.5380871967989113,0.817876424715057,0.817855745830038,0.8178742199809925,0.9034232924308204,0.8890203166983217,8335.0,0.7840909090909091,0.8112026952472604,0.6162285735271165,0.7707482736025002,0.2786140951347338,880.0,0.175832986831665,0.1393039226531982,2026-04-21T08:36:23.676390+00:00
NR-AhR,morgan_4096,XGBoost,none,f1_weighted,"{'colsample_bytree': 0.8, 'learning_rate': 0.05, 'max_depth': 3, 'min_child_weight': 5, 'n_estimators': 100, 'scale_pos_weight': 8, 'subsample': 0.8}",0.8904772982733777,1732,0.9815242494226328,0.9798315125313011,0.8925991380646761,0.9591115747210139,0.8904772982733777,0.7306601863102471,0.7734226232339481,0.6432760760748581,0.8985804514433131,0.6126074170822678,4938.0,0.7034090909090909,0.7562465617836308,0.6002721936125001,0.8440886637431322,0.4243792827053466,880.0,3.998842239379883,3.6789193153381348,2026-04-29T23:29:14.464041+00:00
NR-AhR,morgan_4096,DecisionTree,random_over,f1_weighted,"{'ccp_alpha': 0.01, 'criterion': 'entropy', 'max_depth': 5, 'min_samples_leaf': 10}",0.6689093739442128,1732,0.9803695150115472,0.9785709820645074,0.8858865841937185,0.7741968286458436,0.6689093739442128,0.6748659361156447,0.6645962489101396,0.6645962489101396,0.7491315956748386,0.703211334043092,8578.0,0.5727272727272728,0.6469649309798009,0.49671146697169,0.7190382579767125,0.2331954934790123,880.0,1.961972951889038,1.9538757801055908,2026-04-22T08:23:05.526105+00:00
NR-AhR,morgan_4096,DecisionTree,random_under,f1_weighted,"{'ccp_alpha': 0.01, 'criterion': 'entropy', 'max_depth': 5, 'min_samples_leaf': 50}",0.6762200851150412,1732,0.9815242494226328,0.9798315125313012,0.8925991380646761,0.7850085614753292,0.6762200851150412,0.6522855675398048,0.6622153213321129,0.6425076448452385,0.7427605822398332,0.5636974251006259,1947.0,0.6556818181818181,0.7176080719738539,0.5559781586015909,0.7348278643076767,0.2727270733262805,880.0,0.3433558940887451,0.3313040733337402,2026-04-22T08:23:24.919137+00:00
NR-AhR,morgan_4096,LogisticRegression,smote,f1_weighted,"{'C': 0.01, 'l1_ratio': 1.0}",0.5164324229026872,1732,0.966512702078522,0.9592168427498188,0.7647444544364508,0.8183786337066268,0.5164324229026872,0.8127768710655164,0.8125536741078254,0.8125536741078254,0.8879707728854214,0.8814512912570727,8578.0,0.7738636363636363,0.8027836780590338,0.6012378204704902,0.7481097837592621,0.2401538921308848,880.0,0.3472959995269775,0.3552660942077636,2026-04-21T08:36:38.516174+00:00
NR-AhR,morgan_4096,LogisticRegression,smoteenn,f1_weighted,"{'C': 0.01, 'l1_ratio': 1.0}",0.4913720156317053,1732,0.9647806004618936,0.9565087775723532,0.7468655286013777,0.8108996437639001,0.4913720156317053,0.8115375503435205,0.8115493318351473,0.8115295505652553,0.8943266298630879,0.8800867131723319,8442.0,0.7829545454545455,0.8074443425380406,0.597886078886866,0.7451799485861181,0.2291488745714673,880.0,0.3095960617065429,0.2069568634033203,2026-04-21T08:36:40.527528+00:00
NR-AhR,morgan_4096,LogisticRegression,smoten,f1_weighted,"{'C': 0.01, 'l1_ratio': 1.0}",0.5444356170143415,1732,0.96824480369515,0.9618406431020904,0.7818255107953543,0.803253360625086,0.5444356170143415,0.8247843320121241,0.824650478678164,0.824650478678164,0.895798819723562,0.8907702723177986,8578.0,0.7829545454545455,0.8096900455939039,0.6110834731300978,0.7549082615051161,0.2420047138722152,880.0,0.3762621879577636,0.3382878303527832,2026-04-21T08:36:45.337907+00:00
NR-AhR,morgan_4096,LogisticRegression,smoten_enn,f1_weighted,"{'C': 0.01, 'l1_ratio': 1.0}",0.5180290177790224,1732,0.966512702078522,0.9592168427498188,0.7647444544364508,0.7950264716880867,0.5180290177790224,0.83629003452792,0.83619058944806,0.8362470995093139,0.9067483501902394,0.8973935444748243,8399.0,0.7829545454545455,0.8086021368562258,0.6046283511205097,0.7520603357024044,0.2413048761824038,880.0,0.346052885055542,0.2701210975646972,2026-04-21T08:36:51.661300+00:00
NR-AhR,pubchem,BalancedRandomForest,none,f1_weighted,"{'max_depth': 10, 'max_features': 'sqrt', 'min_samples_leaf': 20, 'n_estimators': 200}",0.8676511136421252,1732,0.9838337182448036,0.982583816103652,0.9082627118644068,0.9449113346060738,0.8676511136421252,0.7511138112596193,0.7885859851301932,0.6492614571538,0.8643676211873927,0.5459532400701206,4938.0,0.7272727272727273,0.7747749118400572,0.6158072050701807,0.845071576188316,0.3519160981106976,880.0,2.364044189453125,1.860623836517334,2026-04-21T22:29:55.154822+00:00
NR-AhR,pubchem,RandomForest,random_over,f1_weighted,"{'max_depth': 5, 'max_features': 'sqrt', 'min_samples_leaf': 5, 'n_estimators': 100}",0.8787661479453724,1732,0.9815242494226328,0.9796939996852084,0.8912700592458901,0.9548439580914144,0.8787661479453724,0.7710422009792492,0.7707191228987021,0.7707191228987023,0.8621666926421927,0.8494542002946791,8578.0,0.7261363636363637,0.7734387484977222,0.6094571476450126,0.8340327133424065,0.344017977586168,880.0,0.6300051212310791,0.2515549659729004,2026-04-21T17:12:54.704601+00:00
NR-AhR,pubchem,RandomForest,random_under,f1_weighted,"{'max_depth': 10, 'max_features': 'log2', 'min_samples_leaf': 20, 'n_estimators': 100}",0.866306058970385,1732,0.9838337182448036,0.9824697226527558,0.9071576803203996,0.9473518471137004,0.866306058970385,0.7211093990755008,0.7288166129520712,0.709200998026996,0.8352603626297183,0.7288174597394357,1947.0,0.7102272727272727,0.7615070403585498,0.6032188078528726,0.8278454055143908,0.3768842248344764,880.0,0.1494638919830322,0.1438589096069336,2026-04-21T17:13:11.066669+00:00
NR-AhR,pubchem,RandomForest,smote,f1_weighted,"{'max_depth': 5, 'max_features': 'sqrt', 'min_samples_leaf': 10, 'n_estimators': 200}",0.8011406647178236,1732,0.9763279445727484,0.9731274175538392,0.8524441304505928,0.9143852467082604,0.8011406647178236,0.8121939846117976,0.811178717894515,0.811178717894515,0.8918790883933104,0.8841288544140301,8578.0,0.7522727272727273,0.7941307148520086,0.6369307170542636,0.8346249810978376,0.3293847811183453,880.0,0.6298322677612305,0.600754976272583,2026-04-21T17:13:18.352256+00:00
NR-AhR,pubchem,RandomForest,smoteenn,f1_weighted,"{'max_depth': 5, 'max_features': 'sqrt', 'min_samples_leaf': 10, 'n_estimators': 200}",0.7832779343795212,1732,0.9757505773672056,0.9723675881354518,0.8478413654618474,0.9102061970648244,0.7832779343795212,0.8342703495477878,0.8340944849456114,0.8342258856672375,0.9011508122050343,0.8852771414493461,8182.0,0.7670454545454546,0.8054718180742061,0.6499255800775829,0.8362883713896869,0.3374627166069898,880.0,0.706740140914917,0.6472840309143066,2026-04-21T17:13:24.406323+00:00
NR-AhR,pubchem,DecisionTree,smoten,f1_weighted,"{'ccp_alpha': 0.01, 'criterion': 'entropy', 'max_depth': 5, 'min_samples_leaf': 10}",0.5753378457831309,1732,0.9757505773672056,0.97257490756318,0.8498352696375933,0.7229034226219764,0.5753378457831309,0.7810678479832128,0.7810571362138965,0.7810571362138965,0.859114862797308,0.8166338268613849,8578.0,0.7477272727272727,0.7887149383567721,0.615542051072137,0.7423824285498261,0.2594709660768619,880.0,0.2046539783477783,0.191983938217163,2026-04-22T08:27:26.422564+00:00
NR-AhR,pubchem,BernoulliNB,smoten_enn,f1_weighted,{'alpha': 50.0},0.8464763315731375,1732,0.9705542725173212,0.9652178548047796,0.8034511531657822,0.9348409402533672,0.8464763315731375,0.7576271186440678,0.7570564079131802,0.7573640113240654,0.8492487707715867,0.8287388488084076,8260.0,0.7034090909090909,0.755009504640501,0.5814678146781468,0.7815288068955089,0.27085993526058,880.0,0.0939130783081054,0.0962309837341308,2026-04-21T14:10:25.185605+00:00
NR-AhR,rdkit,BalancedRandomForest,none,f1_weighted,"{'max_depth': 5, 'max_features': 'sqrt', 'min_samples_leaf': 20, 'n_estimators': 100}",0.8560398760652254,1732,0.9815242494226328,0.9798315125313012,0.8925991380646761,0.9356839667512972,0.8560398760652254,0.811462130417173,0.8363392474978794,0.709336854547288,0.8853046511285365,0.5687596540786701,4938.0,0.7852272727272728,0.818613761098939,0.6607867251601535,0.832615051161853,0.3384252607827839,880.0,1.269996166229248,1.2995469570159912,2026-04-21T22:31:04.246552+00:00
NR-AhR,rdkit,DecisionTree,random_over,f1_weighted,"{'ccp_alpha': 0.01, 'criterion': 'gini', 'max_depth': 5, 'min_samples_leaf': 10}",0.7819646516606109,1732,0.9803695150115472,0.978986745357606,0.8899133334828873,0.906145236736274,0.7819646516606109,0.7048262998367918,0.694810168644058,0.694810168644058,0.7449597649340837,0.675356899138102,8578.0,0.625,0.691822111010009,0.5412496208674553,0.7691856948434901,0.2334653567980149,880.0,1.13930082321167,1.0217070579528809,2026-04-22T08:28:04.630679+00:00
NR-AhR,rdkit,BernoulliNB,random_under,f1_weighted,{'alpha': 50.0},0.846502282400673,1732,0.9815242494226328,0.9799653973174351,0.8938944917947422,0.9379047019228878,0.846502282400673,0.7205957883923986,0.727283510472827,0.7036947516130548,0.7809952967822964,0.559962138502369,1947.0,0.6806818181818182,0.73779720586284,0.5748858047135963,0.7955542114017843,0.2690110481141582,880.0,0.0760650634765625,0.0465450286865234,2026-04-21T14:10:43.452691+00:00
NR-AhR,rdkit,LogisticRegression,smote,f1_weighted,"{'C': 0.01, 'l1_ratio': 1.0}",0.5952365498239325,1732,0.9630484988452656,0.9599307946348706,0.7877889835894845,0.8426787905029949,0.5952365498239325,0.8118442527395663,0.8117955429791918,0.8117955429791918,0.8979936746559122,0.8906451791978998,8578.0,0.7693181818181818,0.8022606573370226,0.6151252501879776,0.7972050002520288,0.3496898198436428,880.0,0.4294390678405761,0.3996989727020263,2026-04-21T08:37:30.933310+00:00
NR-AhR,rdkit,LogisticRegression,smoteenn,f1_weighted,"{'C': 0.01, 'l1_ratio': 1.0}",0.5493271874781219,1732,0.9607390300230948,0.9568497493310678,0.7689488758975164,0.8336187158443058,0.5493271874781219,0.8227529855436833,0.823006778872239,0.8223193299866289,0.9119076038793972,0.8914679714359466,7955.0,0.7784090909090909,0.8095089181798603,0.6266960204838594,0.7939790312011694,0.362741987159266,880.0,0.3839490413665771,0.3097553253173828,2026-04-21T08:37:33.441955+00:00
NR-AhR,rdkit,DecisionTree,smoten,f1_weighted,"{'ccp_alpha': 0.01, 'criterion': 'gini', 'max_depth': 5, 'min_samples_leaf': 10}",0.528445550515485,1732,0.96824480369515,0.9658995137274886,0.8208667821272964,0.7755614162845167,0.528445550515485,0.8018186057356027,0.8015560781735092,0.8015560781735092,0.8418970030802608,0.7919571217863779,8578.0,0.7238636363636364,0.7701194673488277,0.5914398002288885,0.7158059882050507,0.2441222188166805,880.0,0.9950530529022216,0.9595949649810792,2026-04-22T08:29:25.711086+00:00
NR-AhR,rdkit,DecisionTree,smoten_enn,f1_weighted,"{'ccp_alpha': 0.0, 'criterion': 'gini', 'max_depth': 5, 'min_samples_leaf': 20}",0.5091420140322528,1732,0.96824480369515,0.9647323036950924,0.8095801608354005,0.7554337486140907,0.5091420140322528,0.8456775133559981,0.845568193270127,0.8456514615760689,0.897704269138952,0.8343748064152412,8236.0,0.7613636363636364,0.7978975037285483,0.6189345012743424,0.7396668178839658,0.2783587881525262,880.0,0.9153010845184326,0.8958079814910889,2026-04-22T08:29:48.609539+00:00
NR-AhR,topological_torsion,BalancedRandomForest,none,f1_weighted,"{'max_depth': 5, 'max_features': 'log2', 'min_samples_leaf': 10, 'n_estimators': 200}",0.751731472543071,1732,0.9803695150115472,0.9785709820645074,0.8858865841937185,0.8640037526160064,0.751731472543071,0.7170919400567031,0.7615994971255032,0.620108223998488,0.8407338657209236,0.4592112774674781,4938.0,0.7147727272727272,0.7653231188287368,0.6106983917162371,0.8386763445738192,0.4152560302145694,880.0,2.860988140106201,4.340246915817261,2026-04-21T22:34:20.746004+00:00
NR-AhR,topological_torsion,RandomForest,random_over,f1_weighted,"{'max_depth': 5, 'max_features': 'sqrt', 'min_samples_leaf': 10, 'n_estimators': 200}",0.7692703574023144,1732,0.9803695150115472,0.978424874665534,0.8844744379487581,0.8766917934486671,0.7692703574023144,0.7528561436232222,0.752819810037799,0.752819810037799,0.8534166278845814,0.8465764194858407,8578.0,0.7136363636363636,0.7639259054789774,0.602041475547516,0.8369373456323403,0.4326989999519962,880.0,0.8445312976837158,1.0797369480133057,2026-04-21T17:16:22.751925+00:00
NR-AhR,topological_torsion,RandomForest,random_under,f1_weighted,"{'max_depth': 5, 'max_features': 'sqrt', 'min_samples_leaf': 5, 'n_estimators': 200}",0.7612597384194716,1732,0.9797921478060048,0.9777135732105828,0.8803355027705233,0.8745169818995322,0.7612597384194716,0.7457627118644068,0.7522323384170805,0.7319483401915479,0.8502075018815245,0.7380095834749787,1947.0,0.7125,0.7631274875855086,0.6024505786286831,0.8451534855587479,0.4367400738720841,880.0,0.4102249145507812,0.3863060474395752,2026-04-21T17:16:36.011921+00:00
NR-AhR,topological_torsion,LogisticRegression,smote,f1_weighted,"{'C': 0.01, 'l1_ratio': 1.0}",0.5331083793176188,1732,0.9636258660508084,0.9611863127423212,0.7972059033979293,0.706977766406214,0.5331083793176188,0.7606668221030544,0.760610991192093,0.7606109911920931,0.844157200005371,0.8256648199905886,8578.0,0.7284090909090909,0.7733896241711052,0.593467491123048,0.7284956399012047,0.2853057782575171,880.0,0.1802380084991455,0.1443598270416259,2026-04-21T08:37:52.368976+00:00
NR-AhR,topological_torsion,DecisionTree,smoteenn,f1_weighted,"{'ccp_alpha': 0.0, 'criterion': 'entropy', 'max_depth': 5, 'min_samples_leaf': 20}",0.4495232599539874,1732,0.9688221709006928,0.9633251607680288,0.7933576074660633,0.7176025244871315,0.4495232599539874,0.721637146960268,0.715382677027024,0.7141539227569531,0.8139147537089034,0.7430488653259133,8356.0,0.7897727272727273,0.8134932113588352,0.6105179298118859,0.6595909572055043,0.2154037649150899,880.0,0.9992249011993408,0.7126672267913818,2026-04-22T08:30:57.937247+00:00
NR-AhR,topological_torsion,DecisionTree,smoten,f1_weighted,"{'ccp_alpha': 0.01, 'criterion': 'gini', 'max_depth': 10, 'min_samples_leaf': 10}",0.6879145994014104,1732,0.9734411085450346,0.970398296261504,0.83972641319654,0.8517683874904053,0.6879145994014104,0.7804849615294941,0.7800735720740641,0.7800735720740641,0.8330409070773259,0.7752476887458777,8578.0,0.7352272727272727,0.7756332678210874,0.5762577007888335,0.6902250617470639,0.2238674243684378,880.0,1.2055799961090088,1.0886099338531494,2026-04-22T08:31:10.355465+00:00
NR-AhR,topological_torsion,DecisionTree,smoten_enn,f1_weighted,"{'ccp_alpha': 0.0, 'criterion': 'entropy', 'max_depth': 5, 'min_samples_leaf': 10}",0.5922353828295792,1732,0.9740184757505772,0.9711446121141664,0.8442019497744186,0.7731045024831559,0.5922353828295792,0.7890107241836366,0.7874411172021214,0.7879462156425399,0.8611953736549277,0.792984407664419,8299.0,0.7022727272727273,0.7510755985643542,0.5499125437281359,0.6261656333484551,0.1942341048476498,880.0,0.7150528430938721,0.6587409973144531,2026-04-22T08:31:20.422223+00:00
NR-Aromatase,atom_pair,RandomForest,none,f1_weighted,"{'max_depth': 5, 'max_features': 'sqrt', 'min_samples_leaf': 20, 'n_estimators': 200}",0.5193248811588271,1586,0.9836065573770492,0.9805553649467948,0.7716873740393773,0.8751212807244502,0.5193248811588271,0.89453125,0.914127216475961,0.697280160515614,0.9197512460060722,0.6113524803160423,4352.0,0.8477088948787062,0.8672326255658195,0.6063623517039667,0.7066974004353951,0.223431495785412,742.0,0.5789861679077148,0.4675881862640381,2026-04-21T17:18:10.558629+00:00
NR-Aromatase,atom_pair,RandomForest,random_over,f1_weighted,"{'max_depth': 5, 'max_features': 'sqrt', 'min_samples_leaf': 20, 'n_estimators': 100}",0.4758415945691783,1586,0.9823455233291298,0.9798338668410308,0.769691940670055,0.8655320181112549,0.4758415945691783,0.8485512539566593,0.8484993748840937,0.8484993748840937,0.9259531776263262,0.9342843485220254,8214.0,0.8086253369272237,0.842149932264515,0.5789818588667786,0.7299526187732105,0.2595538748065168,742.0,0.4205601215362549,0.5618641376495361,2026-04-21T17:18:16.867874+00:00
NR-Aromatase,atom_pair,RandomForest,random_under,f1_weighted,"{'max_depth': 10, 'max_features': 'sqrt', 'min_samples_leaf': 5, 'n_estimators': 200}",0.4378957188207973,1586,0.9791929382093316,0.9772179001187205,0.7484173336217463,0.8721943725743855,0.4378957188207973,0.9346938775510204,0.9345578640971596,0.9262270400481782,0.9721116201582674,0.9499938735923008,735.0,0.8153638814016172,0.8462064772110065,0.5808756529877669,0.7170956588551672,0.2561792854274641,742.0,0.4405901432037353,0.280346155166626,2026-04-21T17:18:30.701231+00:00
NR-Aromatase,atom_pair,RandomForest,smote,f1_weighted,"{'max_depth': 10, 'max_features': 'sqrt', 'min_samples_leaf': 20, 'n_estimators': 200}",0.2501647576053453,1586,0.969735182849937,0.966593485895102,0.6286366563250014,0.6167609961190168,0.2501647576053453,0.918918918918919,0.9189123376623376,0.9189123376623376,0.9721708955515442,0.9672808632051544,8214.0,0.8733153638814016,0.8779578629991253,0.5864089184060721,0.5945191445767704,0.1589599689055525,742.0,1.9703469276428225,2.9443247318267822,2026-04-21T17:18:45.344552+00:00
NR-Aromatase,atom_pair,RandomForest,smoteenn,f1_weighted,"{'max_depth': 10, 'max_features': 'sqrt', 'min_samples_leaf': 20, 'n_estimators': 100}",0.2220578767246857,1586,0.9615384615384616,0.9626385352675868,0.6312963280550316,0.6277086028460543,0.2220578767246857,0.9212366580787632,0.9212220147354246,0.9212110322279208,0.9740566213819882,0.968247163165826,8151.0,0.8746630727762803,0.8779666727753193,0.5815865585758202,0.5735689588935844,0.1635561244937982,742.0,1.2108149528503418,1.0290062427520752,2026-04-21T17:18:48.363940+00:00
NR-Aromatase,atom_pair,XGBoost,smoten,f1_weighted,"{'colsample_bytree': 0.8, 'learning_rate': 0.1, 'max_depth': 3, 'min_child_weight': 5, 'n_estimators': 200, 'scale_pos_weight': 1, 'subsample': 0.8}",0.2201180934416963,1586,0.978562421185372,0.9734909031221295,0.6797329722281614,0.6405967011642949,0.2201180934416963,0.9803993182371561,0.9803985021592857,0.9803985021592857,0.9960495804670879,0.9965496529956839,8214.0,0.9070080862533693,0.8906709449177491,0.5597120817316374,0.6387757715456525,0.17760088230465976,742.0,3.900737762451172,3.86435604095459,2026-04-29T23:48:58.135312+00:00
NR-Aromatase,atom_pair,RandomForest,smoten_enn,f1_weighted,"{'max_depth': 5, 'max_features': 'sqrt', 'min_samples_leaf': 5, 'n_estimators': 200}",0.2510017559558467,1586,0.9766708701134932,0.9714623511622518,0.6577011695394757,0.5427474126778784,0.2510017559558467,0.909853249475891,0.9098439925267308,0.9098223929786908,0.9724195304344416,0.9675825170715068,8109.0,0.862533692722372,0.869341747072013,0.5639518805309734,0.551107696247919,0.1649150765640884,742.0,1.685516119003296,1.573030948638916,2026-04-21T17:19:48.301298+00:00
NR-Aromatase,avalon,BalancedRandomForest,none,f1_weighted,"{'max_depth': 10, 'max_features': 'sqrt', 'min_samples_leaf': 20, 'n_estimators': 100}",0.5867188793009183,1586,0.9861286254728878,0.9846886810352552,0.8297918008156256,0.8967658473479948,0.5867188793009183,0.7272518382352942,0.8004330635072106,0.5394673275883357,0.8509220196478884,0.3612156946836499,4352.0,0.7210242587601078,0.78395018502212,0.5354125643142984,0.7422973492124473,0.2218259240998878,742.0,0.5659787654876709,0.6012229919433594,2026-04-21T22:37:26.605027+00:00
NR-Aromatase,avalon,BernoulliNB,random_over,f1_weighted,{'alpha': 0.1},0.576919977154422,1586,0.9854981084489282,0.983581152176821,0.8137613788948623,0.8713130659767141,0.576919977154422,0.6380569758948137,0.6370483848004797,0.6370483848004795,0.7025284914156253,0.6613485310994417,8214.0,0.692722371967655,0.7633183110458885,0.5114191647894646,0.6709053656037904,0.1172083518452021,742.0,0.0576162338256835,0.0538318157196044,2026-04-21T14:11:54.621342+00:00
NR-Aromatase,avalon,RandomForest,random_under,f1_weighted,"{'max_depth': 5, 'max_features': 'sqrt', 'min_samples_leaf': 20, 'n_estimators': 200}",0.5685178744310659,1586,0.9867591424968474,0.9855023000755494,0.8399019395774749,0.8788163001293662,0.5685178744310659,0.7646258503401361,0.7703280131934762,0.7506515357418095,0.8677509371095377,0.7921824004405564,735.0,0.683288409703504,0.7568744924771386,0.5174337671826179,0.7369957741067998,0.2471222501128179,742.0,0.4046826362609863,0.284855842590332,2026-04-21T17:20:14.334945+00:00
NR-Aromatase,avalon,LogisticRegression,smote,f1_weighted,"{'C': 0.001, 'l1_ratio': 1.0}",0.0252206809583858,1586,0.974779319041614,0.9623300301649652,0.4936143039591315,0.5,0.0252206809583858,0.5,0.3333333333333333,0.3333333333333333,0.5,0.5,8214.0,0.9231805929919138,0.886305124315993,0.4800280308339173,0.5,0.0768194070080862,742.0,0.060129165649414,0.052847146987915,2026-04-21T08:38:31.536458+00:00
NR-Aromatase,avalon,LogisticRegression,smoteenn,f1_weighted,"{'C': 0.001, 'l1_ratio': 1.0}",0.0252206809583858,1586,0.974779319041614,0.9623300301649652,0.4936143039591315,0.5,0.0252206809583858,0.5060998151571164,0.3401328654639629,0.336033382425135,0.5,0.4939001848428835,8115.0,0.9231805929919138,0.886305124315993,0.4800280308339173,0.5,0.0768194070080862,742.0,0.0673837661743164,0.046173095703125,2026-04-21T08:38:34.116892+00:00
NR-Aromatase,avalon,RandomForest,smoten,f1_weighted,"{'max_depth': 5, 'max_features': 'log2', 'min_samples_leaf': 20, 'n_estimators': 100}",0.3275129735346134,1586,0.980453972257251,0.9760900780008056,0.7132090879925336,0.6277086028460543,0.3275129735346134,0.8984660336011687,0.8984586591521612,0.898458659152161,0.9632140876785814,0.9600454974136636,8214.0,0.8867924528301887,0.8794405060530047,0.5496531791907514,0.642130874631835,0.1554909054500507,742.0,0.3748722076416015,0.2407689094543457,2026-04-21T17:20:58.123592+00:00
NR-Aromatase,avalon,RandomForest,smoten_enn,f1_weighted,"{'max_depth': 5, 'max_features': 'log2', 'min_samples_leaf': 20, 'n_estimators': 100}",0.2954457245923386,1586,0.980453972257251,0.9760900780008056,0.7132090879925336,0.626859637774903,0.2954457245923386,0.9200148349610582,0.919986526591026,0.9200021149005152,0.9748353529524204,0.967566997702136,8089.0,0.889487870619946,0.8823109701945998,0.5603757225433526,0.6261237034191318,0.1557763358378705,742.0,0.3377490043640136,0.2486488819122314,2026-04-21T17:21:00.931117+00:00
NR-Aromatase,erg,BalancedRandomForest,none,f1_weighted,"{'max_depth': 5, 'max_features': 'sqrt', 'min_samples_leaf': 20, 'n_estimators': 100}",0.516581407029786,1586,0.9854981084489282,0.9838598194452504,0.8193756034760219,0.8613761319534281,0.516581407029786,0.7704503676470589,0.830512587107659,0.5695898744452997,0.8377359709406043,0.3577000163734244,4352.0,0.7654986522911051,0.8151793839540306,0.567564308681672,0.7504674093994109,0.2510933078143249,742.0,0.4572651386260986,0.5039880275726318,2026-04-21T22:38:50.025220+00:00
NR-Aromatase,erg,DecisionTree,random_over,f1_weighted,"{'ccp_alpha': 0.0, 'criterion': 'gini', 'max_depth': 5, 'min_samples_leaf': 10}",0.4378741859506989,1586,0.9842370744010088,0.9821534262791534,0.7975667161900677,0.7739893272962485,0.4378741859506989,0.792427562697833,0.7917886850067476,0.7917886850067477,0.8528901436132992,0.8004568333061466,8214.0,0.7816711590296496,0.824439659203959,0.5611198738170347,0.6818798821872198,0.1752671931709137,742.0,0.1001739501953125,0.0899379253387451,2026-04-22T08:33:59.349908+00:00
NR-Aromatase,erg,RandomForest,random_under,f1_weighted,"{'max_depth': 5, 'max_features': 'sqrt', 'min_samples_leaf': 20, 'n_estimators': 200}",0.5122030976066654,1586,0.9854981084489282,0.9838598194452504,0.8193756034760219,0.8713939197930142,0.5122030976066654,0.7891156462585034,0.7930326273749003,0.7726143215553839,0.8483340274885465,0.767362466286041,735.0,0.7749326145552561,0.8219735115958798,0.5778273682776007,0.7492636701242157,0.2277930672659652,742.0,0.4083411693572998,0.2509572505950928,2026-04-21T17:21:21.774108+00:00
NR-Aromatase,erg,DecisionTree,smote,f1_weighted,"{'ccp_alpha': 0.0, 'criterion': 'entropy', 'max_depth': 5, 'min_samples_leaf': 10}",0.4602636317666296,1586,0.9842370744010088,0.9821534262791534,0.7975667161900677,0.7780320181112548,0.4602636317666296,0.799853907962016,0.7993637318854361,0.7993637318854361,0.8792517766023777,0.8464010942796373,8214.0,0.7601078167115903,0.8103883477944078,0.5515672533681009,0.6471123063132282,0.1507274213595607,742.0,0.1583588123321533,0.1471188068389892,2026-04-22T08:34:02.291649+00:00
NR-Aromatase,erg,DecisionTree,smoteenn,f1_weighted,"{'ccp_alpha': 0.0, 'criterion': 'entropy', 'max_depth': 5, 'min_samples_leaf': 10}",0.4716075013532925,1586,0.9854981084489282,0.9838598194452504,0.8193756034760219,0.7554010349288487,0.4716075013532925,0.8059177532597793,0.8040092617657153,0.8045051361932123,0.8894479937454935,0.8540199405374259,7976.0,0.7210242587601078,0.7841127588175673,0.5380284231897136,0.6554104238698937,0.1391274320492384,742.0,0.1439380645751953,0.1581430435180664,2026-04-22T08:34:03.575676+00:00
NR-Aromatase,erg,DecisionTree,smoten,f1_weighted,"{'ccp_alpha': 0.0, 'criterion': 'entropy', 'max_depth': 15, 'min_samples_leaf': 20}",0.1966138565204212,1586,0.9791929382093316,0.9727143816595726,0.6579819247583759,0.521838615782665,0.1966138565204212,0.9276844411979548,0.9276813156322036,0.9276813156322036,0.9844686354172464,0.983294127102494,8214.0,0.9029649595687332,0.8933401767431612,0.5911219960202051,0.5828915354078628,0.1491219890259498,742.0,0.1152708530426025,0.1063489913940429,2026-04-22T08:34:06.873589+00:00
NR-Aromatase,erg,DecisionTree,smoten_enn,f1_weighted,"{'ccp_alpha': 0.01, 'criterion': 'entropy', 'max_depth': 10, 'min_samples_leaf': 10}",0.265235379955322,1586,0.974779319041614,0.9716916520195208,0.6810649935649935,0.5827377102199224,0.265235379955322,0.8709926612591734,0.8704998271919121,0.8697751665732745,0.944961121954919,0.9042326934632324,7767.0,0.9016172506738545,0.8946967706588986,0.6049593406994129,0.6301959277756434,0.1702340280554622,742.0,0.0869612693786621,0.0821950435638427,2026-04-22T08:34:08.855281+00:00
NR-Aromatase,estate,BalancedRandomForest,none,f1_weighted,"{'max_depth': 5, 'max_features': 'sqrt', 'min_samples_leaf': 20, 'n_estimators': 100}",0.5660224239727012,1586,0.9854981084489282,0.9838598194452504,0.8193756034760219,0.8887047218628719,0.5660224239727012,0.73828125,0.8079584420364725,0.5385957637132922,0.8249906829057407,0.3122424568048997,4352.0,0.7479784366576819,0.8027560318772827,0.5516587340823245,0.7457805096683314,0.2386671230980379,742.0,0.3796286582946777,0.5122520923614502,2026-04-21T22:39:26.521547+00:00
NR-Aromatase,estate,RandomForest,random_over,f1_weighted,"{'max_depth': 5, 'max_features': 'sqrt', 'min_samples_leaf': 5, 'n_estimators': 200}",0.4842281751514898,1586,0.9836065573770492,0.9812743049238142,0.7861425163364797,0.8729543984476067,0.4842281751514898,0.7923058193328464,0.7922797610933624,0.7922797610933623,0.8910057768664366,0.896308515893723,8214.0,0.8045822102425876,0.840631582048223,0.5862607338017174,0.7549238058650275,0.2429077917495539,742.0,0.6237940788269043,0.3460662364959717,2026-04-21T17:21:57.756113+00:00
NR-Aromatase,estate,DecisionTree,random_under,f1_weighted,"{'ccp_alpha': 0.01, 'criterion': 'entropy', 'max_depth': 5, 'min_samples_leaf': 50}",0.4433505271006617,1586,0.9842370744010088,0.9821534262791534,0.7975667161900677,0.8009459896507116,0.4433505271006617,0.6789115646258503,0.6874378573204077,0.6631478374347501,0.7320283215326947,0.5270042593439437,735.0,0.692722371967655,0.763652221199391,0.5189052689052689,0.6457805096683313,0.1787215992073756,742.0,0.0047521591186523,0.0014667510986328,2026-04-22T08:34:15.250701+00:00
NR-Aromatase,estate,RandomForest,smote,f1_weighted,"{'max_depth': 5, 'max_features': 'sqrt', 'min_samples_leaf': 20, 'n_estimators': 200}",0.4515983391018697,1586,0.9848675914249684,0.9827147430065978,0.8025930920029043,0.8528298835705045,0.4515983391018697,0.8953007061115169,0.8952991170492921,0.8952991170492921,0.963369357156497,0.9657681370452348,8214.0,0.8908355795148248,0.8929290148570314,0.6299935358758888,0.6957869125368166,0.2270669538206481,742.0,0.5742490291595459,0.4518239498138428,2026-04-21T17:22:01.778154+00:00
NR-Aromatase,estate,RandomForest,smoteenn,f1_weighted,"{'max_depth': 5, 'max_features': 'sqrt', 'min_samples_leaf': 5, 'n_estimators': 100}",0.4438320107991773,1586,0.9829760403530896,0.9810528315226856,0.7879626649501127,0.8541639715394567,0.4438320107991773,0.9001109877913429,0.9001103253490012,0.9000929362375274,0.9667368348939726,0.9681912193216818,8109.0,0.8854447439353099,0.8884641632892704,0.617579112676825,0.6946728134204122,0.2203042531715039,742.0,0.2343459129333496,0.1996591091156005,2026-04-21T17:22:11.622321+00:00
NR-Aromatase,estate,LogisticRegression,smoten,f1_weighted,"{'C': 0.001, 'l1_ratio': 0.0}",0.496644612282056,1586,0.9848675914249684,0.9830149912117124,0.8086389961389961,0.6806435963777491,0.496644612282056,0.7086681275870466,0.7080917292328412,0.7080917292328414,0.7590383999382478,0.7388772576071796,8214.0,0.7102425876010782,0.7756004337186271,0.517457494336107,0.6881803047765399,0.1516941372345024,742.0,0.0159790515899658,0.0077168941497802,2026-04-21T08:38:43.358853+00:00
NR-Aromatase,estate,LogisticRegression,smoten_enn,f1_weighted,"{'C': 0.01, 'l1_ratio': 1.0}",0.5027595423603394,1586,0.9854981084489282,0.9838598194452504,0.8193756034760219,0.7615297542043983,0.5027595423603394,0.5159259725544505,0.4576280537853652,0.463358462195384,0.668860903571892,0.6484650863564079,7943.0,0.3894878706199461,0.4871364199146152,0.3480813429144968,0.6841977205788193,0.1287548885552913,742.0,0.011664867401123,0.0071089267730712,2026-04-21T08:38:43.775021+00:00
NR-Aromatase,fcfp,BalancedRandomForest,none,f1_weighted,"{'max_depth': 15, 'max_features': 'sqrt', 'min_samples_leaf': 10, 'n_estimators': 100}",0.5592469096997967,1586,0.9848675914249684,0.9827147430065978,0.8025930920029043,0.8603250323415265,0.5592469096997967,0.8363970588235294,0.873367489085478,0.6059895833333333,0.8388763832779277,0.3144189249635317,4352.0,0.8059299191374663,0.8394922517169728,0.5692724458204335,0.7231271609681137,0.2423095536629708,742.0,0.6183159351348877,0.8903729915618896,2026-04-21T22:40:25.716941+00:00
NR-Aromatase,fcfp,BernoulliNB,random_over,f1_weighted,{'alpha': 10.0},0.5245864757808132,1586,0.9842370744010088,0.982456325483968,0.8036691342130673,0.8282098965071152,0.5245864757808132,0.8158022887752617,0.8147296423803448,0.8147296423803448,0.9194988821368304,0.9125341853273816,8214.0,0.8436657681940701,0.8628400451691028,0.5891708192527254,0.7033551030861825,0.2284258546257894,742.0,0.3439600467681885,0.3098480701446533,2026-04-21T14:12:16.905984+00:00
NR-Aromatase,fcfp,RandomForest,random_under,f1_weighted,"{'max_depth': 15, 'max_features': 'sqrt', 'min_samples_leaf': 5, 'n_estimators': 200}",0.495547405452208,1586,0.9829760403530896,0.9816492326605432,0.7999971976628508,0.8396749676584736,0.495547405452208,0.8408163265306122,0.8402273027619929,0.8196114708603145,0.9099416909620992,0.8396054821923311,735.0,0.8032345013477089,0.8377034514832338,0.5671221929193639,0.7141887565629402,0.2329091114353743,742.0,0.5839428901672363,0.4814808368682861,2026-04-21T17:22:32.901138+00:00
NR-Aromatase,fcfp,LogisticRegression,smote,f1_weighted,"{'C': 0.001, 'l1_ratio': 1.0}",0.0252206809583858,1586,0.974779319041614,0.9623300301649652,0.4936143039591315,0.5,0.0252206809583858,0.5,0.3333333333333333,0.3333333333333333,0.5,0.5,8214.0,0.9231805929919138,0.886305124315993,0.4800280308339173,0.5,0.0768194070080862,742.0,0.1574296951293945,0.1275310516357422,2026-04-21T08:38:44.870793+00:00
NR-Aromatase,fcfp,LogisticRegression,smoteenn,f1_weighted,"{'C': 0.001, 'l1_ratio': 1.0}",0.0252206809583858,1586,0.974779319041614,0.9623300301649652,0.4936143039591315,0.5,0.0252206809583858,0.5070996419311026,0.341251553237922,0.3364738653121416,0.5,0.4929003580688973,8099.0,0.9231805929919138,0.886305124315993,0.4800280308339173,0.5,0.0768194070080862,742.0,0.2207679748535156,0.098201036453247,2026-04-21T08:38:45.201645+00:00
NR-Aromatase,fcfp,DecisionTree,smoten,f1_weighted,"{'ccp_alpha': 0.01, 'criterion': 'gini', 'max_depth': 10, 'min_samples_leaf': 10}",0.1596275526534425,1586,0.9779319041614124,0.9710607078207588,0.637253556561914,0.580651681759379,0.1596275526534425,0.7966885804723642,0.7943170646042145,0.7943170646042144,0.8707370628480928,0.8263290069670883,8214.0,0.8517520215633423,0.855132162420659,0.5013440860215054,0.532129594058138,0.0829494234543006,742.0,1.6265642642974854,1.492806911468506,2026-04-22T08:34:32.482773+00:00
NR-Aromatase,fcfp,LogisticRegression,smoten_enn,f1_weighted,"{'C': 0.001, 'l1_ratio': 1.0}",0.0252206809583858,1586,0.974779319041614,0.9623300301649652,0.4936143039591315,0.5,0.0252206809583858,0.5089850043375883,0.3433642268092108,0.3373028909329829,0.5,0.4910149956624117,8069.0,0.9231805929919138,0.886305124315993,0.4800280308339173,0.5,0.0768194070080862,742.0,0.1078560352325439,0.0958626270294189,2026-04-21T08:38:46.083874+00:00
NR-Aromatase,klekota_roth,RUSBoost,none,f1_weighted,"{'learning_rate': 0.2, 'n_estimators': 50, 'sampling_strategy': 'auto'}",0.2300398361451507,1586,0.9798234552332912,0.9750502617620044,0.6985722091559167,0.6796733505821475,0.2300398361451507,0.8885569852941176,0.9020075452361302,0.6051729024015444,0.7579657429078278,0.2023379413773092,4352.0,0.898921832884097,0.8895053355300309,0.5782653177219507,0.6383531822256371,0.1275181653069814,742.0,0.2747821807861328,0.2244598865509033,2026-04-29T18:35:39.766220+00:00
NR-Aromatase,klekota_roth,LogisticRegression,random_over,f1_weighted,"{'C': 0.001, 'l1_ratio': 1.0}",0.0252206809583858,1586,0.974779319041614,0.9623300301649652,0.4936143039591315,0.5,0.0252206809583858,0.5,0.3333333333333333,0.3333333333333333,0.5,0.5,8214.0,0.9231805929919138,0.886305124315993,0.4800280308339173,0.5,0.0768194070080862,742.0,0.3863739967346191,0.2803149223327636,2026-04-21T08:38:48.577429+00:00
NR-Aromatase,klekota_roth,BernoulliNB,random_under,f1_weighted,{'alpha': 10.0},0.0761013227783859,1586,0.974779319041614,0.9623300301649652,0.4936143039591315,0.6751455368693402,0.0761013227783859,0.6666666666666666,0.5333333333333333,0.4,0.7635568513119534,0.6031922686828515,735.0,0.9231805929919138,0.886305124315993,0.4800280308339173,0.5651427839672173,0.0979435532522071,742.0,0.2081589698791504,0.0229761600494384,2026-04-21T14:12:29.125586+00:00
NR-Aromatase,klekota_roth,LogisticRegression,smote,f1_weighted,"{'C': 0.001, 'l1_ratio': 1.0}",0.0252206809583858,1586,0.974779319041614,0.9623300301649652,0.4936143039591315,0.5,0.0252206809583858,0.5,0.3333333333333333,0.3333333333333333,0.5,0.5,8214.0,0.9231805929919138,0.886305124315993,0.4800280308339173,0.5,0.0768194070080862,742.0,0.4901859760284424,0.3196589946746826,2026-04-21T08:38:51.822123+00:00
NR-Aromatase,klekota_roth,LogisticRegression,smoteenn,f1_weighted,"{'C': 0.001, 'l1_ratio': 1.0}",0.0252206809583858,1586,0.974779319041614,0.9623300301649652,0.4936143039591315,0.5,0.0252206809583858,0.5110751617720258,0.3457112228275896,0.3382195503582311,0.5,0.4889248382279741,8036.0,0.9231805929919138,0.886305124315993,0.4800280308339173,0.5,0.0768194070080862,742.0,0.3614208698272705,0.2935061454772949,2026-04-21T08:38:55.666179+00:00
NR-Aromatase,klekota_roth,LogisticRegression,smoten,f1_weighted,"{'C': 0.001, 'l1_ratio': 1.0}",0.0252206809583858,1586,0.974779319041614,0.9623300301649652,0.4936143039591315,0.5,0.0252206809583858,0.5,0.3333333333333333,0.3333333333333333,0.5,0.5,8214.0,0.9231805929919138,0.886305124315993,0.4800280308339173,0.5,0.0768194070080862,742.0,0.3662881851196289,0.2688250541687011,2026-04-21T08:38:56.250821+00:00
NR-Aromatase,klekota_roth,LogisticRegression,smoten_enn,f1_weighted,"{'C': 0.001, 'l1_ratio': 1.0}",0.0252206809583858,1586,0.974779319041614,0.9623300301649652,0.4936143039591315,0.5,0.0252206809583858,0.5102497204621692,0.3447837449717224,0.337857847976308,0.5,0.4897502795378308,8049.0,0.9231805929919138,0.886305124315993,0.4800280308339173,0.5,0.0768194070080862,742.0,0.3748118877410888,0.3233859539031982,2026-04-21T08:38:56.511327+00:00
NR-Aromatase,maccs,BalancedRandomForest,none,f1_weighted,"{'max_depth': 10, 'max_features': 'sqrt', 'min_samples_leaf': 20, 'n_estimators': 200}",0.6151718087694722,1586,0.9848675914249684,0.9835616296934137,0.8196634323832626,0.9003961836998706,0.6151718087694722,0.7451746323529411,0.8129674930015679,0.5493058335604841,0.8475554429222384,0.3658699287066581,4352.0,0.7439353099730458,0.8003571666321205,0.5542951806467115,0.7385836854911,0.2143180617058498,742.0,0.8111739158630371,0.773719072341919,2026-04-21T22:43:17.115333+00:00
NR-Aromatase,maccs,RandomForest,random_over,f1_weighted,"{'max_depth': 5, 'max_features': 'sqrt', 'min_samples_leaf': 5, 'n_estimators': 100}",0.6234230767740718,1586,0.9842370744010088,0.9821534262791534,0.7975667161900677,0.9022881630012936,0.6234230767740718,0.8289505721938154,0.828874662519723,0.828874662519723,0.9082046727990698,0.9093119688766008,8214.0,0.793800539083558,0.8343558471666476,0.5870865901163531,0.7621462415161993,0.2219915563580514,742.0,0.4384300708770752,0.2486131191253662,2026-04-21T17:25:53.402234+00:00
NR-Aromatase,maccs,DecisionTree,random_under,f1_weighted,"{'ccp_alpha': 0.0, 'criterion': 'gini', 'max_depth': 5, 'min_samples_leaf': 50}",0.570183738235634,1586,0.9880201765447668,0.9868830334016876,0.8551493739034297,0.8436287192755497,0.570183738235634,0.7156462585034014,0.7224272081699392,0.6983499231220875,0.78314035818409,0.5973137645013578,735.0,0.692722371967655,0.763842609455817,0.5237162162162162,0.7214496094250223,0.1482738983479256,742.0,0.0082778930664062,0.0029177665710449,2026-04-22T08:37:21.927078+00:00
NR-Aromatase,maccs,RandomForest,smote,f1_weighted,"{'max_depth': 15, 'max_features': 'log2', 'min_samples_leaf': 5, 'n_estimators': 100}",0.3201604349889874,1586,0.9722572509457756,0.969862987771258,0.6693829593693148,0.7513340879689521,0.3201604349889874,0.958972485999513,0.958969916670534,0.958969916670534,0.9914226508110384,0.9896994859036043,8214.0,0.908355795148248,0.9003583857010805,0.621337656099904,0.7174926367012422,0.291673867488877,742.0,0.3681561946868896,0.3230609893798828,2026-04-21T17:26:14.229681+00:00
NR-Aromatase,maccs,RandomForest,smoteenn,f1_weighted,"{'max_depth': 15, 'max_features': 'log2', 'min_samples_leaf': 5, 'n_estimators': 100}",0.2924251878647579,1586,0.9728877679697352,0.9703142334880296,0.6721801619919725,0.7154673350582148,0.2924251878647579,0.9663074445683142,0.96630972861238,0.9663063025462812,0.9928176633107736,0.9907487717095254,8073.0,0.912398921832884,0.9031697365609004,0.6271731484272938,0.737162248687412,0.2779427155771019,742.0,0.3969347476959228,0.2173078060150146,2026-04-21T17:26:15.415937+00:00
NR-Aromatase,maccs,RandomForest,smoten,f1_weighted,"{'max_depth': 10, 'max_features': 'sqrt', 'min_samples_leaf': 10, 'n_estimators': 100}",0.3730804997031213,1586,0.9810844892812106,0.976609620401879,0.7174114460836718,0.8148366752910738,0.3730804997031213,0.940345751156562,0.9403342583698012,0.9403342583698012,0.9869455956262264,0.9871353249260004,8214.0,0.9097035040431268,0.902344291635073,0.6304863273846245,0.7489179152260212,0.2198687388808072,742.0,0.4007191658020019,0.2183361053466797,2026-04-21T17:26:39.706063+00:00
NR-Aromatase,maccs,RandomForest,smoten_enn,f1_weighted,"{'max_depth': 5, 'max_features': 'sqrt', 'min_samples_leaf': 5, 'n_estimators': 100}",0.3882359102521263,1586,0.9817150063051704,0.9776326536136568,0.7317117274768863,0.79376617076326,0.3882359102521263,0.8914941381890746,0.8914414699541999,0.8914758798676514,0.9548120753729328,0.9473850118014254,8018.0,0.8706199460916442,0.8793168032255614,0.6062354892205638,0.7003329491612242,0.186322813953514,742.0,0.3556480407714844,0.187101125717163,2026-04-21T17:26:40.441003+00:00
NR-Aromatase,map4,RandomForest,none,f1_weighted,"{'max_depth': 5, 'max_features': 'log2', 'min_samples_leaf': 10, 'n_estimators': 100}",0.3741978840992391,1586,0.9791929382093316,0.973983085664808,0.6833890881813838,0.8426584734799483,0.3741978840992391,0.9682904411764706,0.9684110953386617,0.8519195017432084,0.9396565346372296,0.7553910260148754,4352.0,0.9191374663072776,0.8931003485500374,0.5376370887337986,0.6925598668203355,0.2000623818343506,742.0,0.2772419452667236,0.2191700935363769,2026-04-21T17:26:49.906105+00:00
NR-Aromatase,map4,RandomForest,random_over,f1_weighted,"{'max_depth': 5, 'max_features': 'sqrt', 'min_samples_leaf': 5, 'n_estimators': 100}",0.4245111909262699,1586,0.980453972257251,0.976582635726997,0.7230942524851454,0.8503880983182405,0.4245111909262699,0.9130752373995618,0.9129060782118444,0.9129060782118446,0.9573522647081962,0.9639199007828634,8214.0,0.8854447439353099,0.8809090535936623,0.5644186608653614,0.6916890767063645,0.2162274311637916,742.0,0.7738509178161621,0.5290851593017578,2026-04-21T17:26:55.144233+00:00
NR-Aromatase,map4,XGBoost,random_under,f1_weighted,"{'colsample_bytree': 0.8, 'learning_rate': 0.05, 'max_depth': 5, 'min_child_weight': 1, 'n_estimators': 200, 'scale_pos_weight': 1, 'subsample': 0.8}",0.45801592896967275,1586,0.9779319041614124,0.9762119682636673,0.7407371080814733,0.8533796895213454,0.45801592896967275,1.0,1.0,1.0,1.0,1.0,735.0,0.8773584905660378,0.8797103747159241,0.5843137254901961,0.6859777180176719,0.21764241950405988,742.0,0.41068410873413086,0.3820929527282715,2026-04-30T00:05:03.647715+00:00
NR-Aromatase,map4,LogisticRegression,smote,f1_weighted,"{'C': 0.001, 'l1_ratio': 1.0}",0.0252206809583858,1586,0.974779319041614,0.9623300301649652,0.4936143039591315,0.5,0.0252206809583858,0.5,0.3333333333333333,0.3333333333333333,0.5,0.5,8214.0,0.9231805929919138,0.886305124315993,0.4800280308339173,0.5,0.0768194070080862,742.0,0.1226277351379394,0.0849208831787109,2026-04-21T08:39:08.110297+00:00
NR-Aromatase,map4,LogisticRegression,smoteenn,f1_weighted,"{'C': 0.001, 'l1_ratio': 1.0}",0.0252206809583858,1586,0.974779319041614,0.9623300301649652,0.4936143039591315,0.5,0.0252206809583858,0.5039263803680981,0.3377050900174233,0.3350738353593864,0.5,0.4960736196319018,8150.0,0.9231805929919138,0.886305124315993,0.4800280308339173,0.5,0.0768194070080862,742.0,0.0995068550109863,0.0965759754180908,2026-04-21T08:39:10.097933+00:00
NR-Aromatase,map4,LogisticRegression,smoten,f1_weighted,"{'C': 0.001, 'l1_ratio': 1.0}",0.0252206809583858,1586,0.974779319041614,0.9623300301649652,0.4936143039591315,0.5,0.0252206809583858,0.5,0.3333333333333333,0.3333333333333333,0.5,0.5,8214.0,0.9231805929919138,0.886305124315993,0.4800280308339173,0.5,0.0768194070080862,742.0,0.10406494140625,0.104982852935791,2026-04-21T08:39:13.037468+00:00
NR-Aromatase,map4,LogisticRegression,smoten_enn,f1_weighted,"{'C': 0.001, 'l1_ratio': 1.0}",0.0252206809583858,1586,0.974779319041614,0.9623300301649652,0.4936143039591315,0.5,0.0252206809583858,0.5064742878283389,0.3405517190751453,0.3361984282907662,0.5,0.4935257121716611,8109.0,0.9231805929919138,0.886305124315993,0.4800280308339173,0.5,0.0768194070080862,742.0,0.112933874130249,0.0909821987152099,2026-04-21T08:39:13.825283+00:00
NR-Aromatase,mhfp,BalancedRandomForest,none,f1_weighted,"{'max_depth': 10, 'max_features': 'sqrt', 'min_samples_leaf': 5, 'n_estimators': 200}",0.2751025924550604,1586,0.978562421185372,0.9728869596145764,0.6676282051282052,0.7297703751617077,0.2751025924550604,0.9926470588235294,0.992858057565415,0.9673931469041004,0.9972346864238756,0.8964441175032909,4352.0,0.9231805929919138,0.8934655561267169,0.527562749237626,0.6025611473940324,0.1745039378885241,742.0,1.773833990097046,1.9045119285583496,2026-04-21T22:44:35.343990+00:00
NR-Aromatase,mhfp,XGBoost,random_over,f1_weighted,"{'colsample_bytree': 0.8, 'learning_rate': 0.1, 'max_depth': 3, 'min_child_weight': 10, 'n_estimators': 200, 'scale_pos_weight': 1, 'subsample': 0.8}",0.29781993880232227,1586,0.9779319041614124,0.9717601688185752,0.6512555679112402,0.7295601552393273,0.29781993880232227,0.9973216459702946,0.997321626756769,0.997321626756769,0.9988610014472252,0.9980027658632753,8214.0,0.9177897574123989,0.8941460054374774,0.5488372556642046,0.6487898578563196,0.19900393144549183,742.0,4.9566709995269775,5.015860080718994,2026-04-30T00:07:23.561635+00:00
NR-Aromatase,mhfp,RandomForest,random_under,f1_weighted,"{'max_depth': 5, 'max_features': 'sqrt', 'min_samples_leaf': 5, 'n_estimators': 200}",0.2672248598768503,1586,0.9779319041614124,0.9724063029778268,0.6642005480711646,0.7191946959896508,0.2672248598768503,0.9918367346938776,0.9918449797994912,0.9908349543618136,0.9974219075385256,0.9868416661386864,735.0,0.9204851752021564,0.8939143474421044,0.5388828616269394,0.6207196824177231,0.1803696202471672,742.0,0.6319601535797119,0.4221899509429931,2026-04-21T17:28:14.917780+00:00
NR-Aromatase,mhfp,LogisticRegression,smote,f1_weighted,"{'C': 0.1, 'l1_ratio': 1.0}",0.2419396715506976,1586,0.971626733921816,0.9672945894707914,0.6239151398264223,0.8085866752910738,0.2419396715506976,0.9817384952520088,0.9817347257774682,0.9817347257774682,0.9988575332286465,0.9989119910351204,8214.0,0.921832884097035,0.8947314760445132,0.5401547206906868,0.6566013574081189,0.169551277529952,742.0,1.6334190368652344,1.6400823593139648,2026-04-21T08:39:22.729979+00:00
NR-Aromatase,mhfp,LogisticRegression,smoteenn,f1_weighted,"{'C': 0.1, 'l1_ratio': 0.0}",0.2900470286262925,1586,0.9728877679697352,0.9681541579880046,0.6286866992981864,0.7939683053040105,0.2900470286262925,0.99951171875,0.9995117192738716,0.9995117163925784,0.9999535080417676,0.9999477168756654,8192.0,0.9245283018867924,0.8963758968907787,0.5427816901408451,0.6294275835574337,0.1892652354770476,742.0,2.69176983833313,2.5391671657562256,2026-04-21T08:39:23.168465+00:00
NR-Aromatase,mhfp,LogisticRegression,smoten,f1_weighted,"{'C': 0.1, 'l1_ratio': 1.0}",0.2478364562034181,1586,0.9766708701134932,0.9708295202908456,0.6450120079609454,0.7824062095730918,0.2478364562034181,0.9834429023618212,0.983440144586543,0.9834401445865432,0.9987171741263304,0.998847955672038,8214.0,0.9177897574123988,0.8903182236265824,0.5232517721905645,0.6643616340120375,0.1635947250473522,742.0,1.459428787231445,1.3367359638214111,2026-04-21T08:39:27.499257+00:00
NR-Aromatase,mhfp,LogisticRegression,smoten_enn,f1_weighted,"{'C': 1, 'l1_ratio': 1.0}",0.249291534293283,1586,0.9722572509457756,0.9677226070879408,0.6262639245929734,0.7698091849935316,0.249291534293283,0.9996329377217668,0.9996329383482232,0.9996329297866496,0.9999597881605564,0.9999512139360124,8173.0,0.9191374663072776,0.8949816429467359,0.5502121640735502,0.6236650019208606,0.2008334484104298,742.0,1.96317195892334,1.8326661586761477,2026-04-21T08:39:36.861742+00:00
NR-Aromatase,morgan_2048,BalancedRandomForest,none,f1_weighted,"{'max_depth': 10, 'max_features': 'sqrt', 'min_samples_leaf': 10, 'n_estimators': 200}",0.4527872327897296,1586,0.9836065573770492,0.9812743049238142,0.7861425163364797,0.8379123544631306,0.4527872327897296,0.8713235294117647,0.8962381876378473,0.6416868382486127,0.864424104192444,0.4019565260485562,4352.0,0.8517520215633423,0.8625329281816304,0.5547870483504975,0.6880010244589576,0.2285582983759575,742.0,1.880857229232788,1.9755151271820068,2026-04-21T22:45:08.593053+00:00
NR-Aromatase,morgan_2048,RandomForest,random_over,f1_weighted,"{'max_depth': 5, 'max_features': 'sqrt', 'min_samples_leaf': 20, 'n_estimators': 200}",0.4658868474507622,1586,0.9836065573770492,0.9809269950974197,0.7791559554413025,0.8377829883570505,0.4658868474507622,0.7494521548575602,0.7398256357109608,0.7398256357109608,0.871538517768751,0.8760017805211097,8214.0,0.889487870619946,0.8834669492950771,0.5683720666269402,0.6982968369829683,0.2316007258703631,742.0,1.6649999618530271,2.0406839847564697,2026-04-21T17:29:34.293316+00:00
NR-Aromatase,morgan_2048,XGBoost,random_under,f1_weighted,"{'colsample_bytree': 0.8, 'learning_rate': 0.05, 'max_depth': 5, 'min_child_weight': 10, 'n_estimators': 100, 'scale_pos_weight': 1, 'subsample': 0.8}",0.5236781522638349,1586,0.9842370744010088,0.9824563254839679,0.8036691342130673,0.8145617723156533,0.5236781522638349,0.7945578231292517,0.7774847466601983,0.7360698581956628,0.8587963348604748,0.7756968605180414,735.0,0.8692722371967655,0.8769332972794609,0.5939247248128277,0.7242924830323985,0.21610948556356807,742.0,0.3196239471435547,0.2776339054107666,2026-04-30T00:12:20.292928+00:00
NR-Aromatase,morgan_2048,LogisticRegression,smote,f1_weighted,"{'C': 0.001, 'l1_ratio': 1.0}",0.0252206809583858,1586,0.974779319041614,0.9623300301649652,0.4936143039591315,0.5,0.0252206809583858,0.5,0.3333333333333333,0.3333333333333333,0.5,0.5,8214.0,0.9231805929919138,0.886305124315993,0.4800280308339173,0.5,0.0768194070080862,742.0,0.1681251525878906,0.1186850070953369,2026-04-21T08:39:45.137088+00:00
NR-Aromatase,morgan_2048,LogisticRegression,smoteenn,f1_weighted,"{'C': 0.001, 'l1_ratio': 1.0}",0.0252206809583858,1586,0.974779319041614,0.9623300301649652,0.4936143039591315,0.5,0.0252206809583858,0.5044215180545321,0.3382576822026227,0.3352926769532207,0.5,0.4955784819454679,8142.0,0.9231805929919138,0.886305124315993,0.4800280308339173,0.5,0.0768194070080862,742.0,0.1311352252960205,0.1162109375,2026-04-21T08:39:45.786190+00:00
NR-Aromatase,morgan_2048,LogisticRegression,smoten,f1_weighted,"{'C': 0.01, 'l1_ratio': 1.0}",0.1776493677179473,1586,0.974779319041614,0.9706569155344914,0.6602399314481576,0.6914456662354463,0.1776493677179473,0.8287070854638422,0.8286220210724173,0.8286220210724173,0.9061952106687858,0.90206133864359,8214.0,0.7789757412398922,0.8186411532460419,0.522094977771494,0.6283903188628506,0.1293692530584663,742.0,0.1972279548645019,0.1540219783782959,2026-04-21T08:39:47.167150+00:00
NR-Aromatase,morgan_2048,LogisticRegression,smoten_enn,f1_weighted,"{'C': 0.01, 'l1_ratio': 1.0}",0.1643945816982983,1586,0.9741488020176544,0.9696353599420507,0.6459570853773405,0.6835705045278136,0.1643945816982983,0.8394694434114293,0.8393903897088484,0.8394339136574603,0.9179256037364144,0.9062988463115909,8067.0,0.784366576819407,0.8211609043605778,0.5171235662572196,0.6212703291074402,0.1177105476491453,742.0,0.1398131847381591,0.1196680068969726,2026-04-21T08:39:49.114432+00:00
NR-Aromatase,morgan_4096,XGBoost,none,f1_weighted,"{'colsample_bytree': 0.8, 'learning_rate': 0.1, 'max_depth': 5, 'min_child_weight': 1, 'n_estimators': 200, 'scale_pos_weight': 8, 'subsample': 0.8}",0.4110948831265313,1586,0.9817150063051703,0.9780934334220294,0.7409591394215876,0.8240782664941786,0.4110948831265313,0.9951746323529411,0.9952675996394104,0.978170472956366,0.9990643152805315,0.9723320280929779,4352.0,0.9123989218328841,0.8908350056146567,0.5436006624083274,0.7094122166730695,0.19767657100216596,742.0,5.5572967529296875,5.492069959640503,2026-04-30T00:14:52.295265+00:00
NR-Aromatase,morgan_4096,XGBoost,random_over,f1_weighted,"{'colsample_bytree': 0.8, 'learning_rate': 0.1, 'max_depth': 7, 'min_child_weight': 10, 'n_estimators': 200, 'scale_pos_weight': 1, 'subsample': 0.8}",0.4453350092752632,1586,0.9810844892812106,0.9779926866508686,0.7451799485861182,0.840620957309185,0.4453350092752632,0.9895300706111517,0.989528922777725,0.9895289227777251,0.9976603456752707,0.9960883332214524,8214.0,0.894878706199461,0.8831405557329153,0.5480697151424287,0.7098220002561146,0.20140336003615045,742.0,10.033784866333008,9.837624788284302,2026-04-30T00:14:56.706684+00:00
NR-Aromatase,morgan_4096,XGBoost,random_under,f1_weighted,"{'colsample_bytree': 0.8, 'learning_rate': 0.1, 'max_depth': 5, 'min_child_weight': 10, 'n_estimators': 200, 'scale_pos_weight': 1, 'subsample': 0.8}",0.48046607820280857,1586,0.9848675914249685,0.9830149912117125,0.8086389961389961,0.8348399094437258,0.48046607820280857,0.8435374149659864,0.8369977764790445,0.8107320153429664,0.9173885880882965,0.860667200619845,735.0,0.8557951482479784,0.8695408627100044,0.5910792923179934,0.7115123575361761,0.19017122349654003,742.0,1.3799192905426025,1.2923080921173096,2026-04-30T00:14:58.815939+00:00
NR-Aromatase,morgan_4096,LogisticRegression,smote,f1_weighted,"{'C': 0.001, 'l1_ratio': 1.0}",0.0252206809583858,1586,0.974779319041614,0.9623300301649652,0.4936143039591315,0.5,0.0252206809583858,0.5,0.3333333333333333,0.3333333333333333,0.5,0.5,8214.0,0.9231805929919138,0.886305124315993,0.4800280308339173,0.5,0.0768194070080862,742.0,0.4071807861328125,0.2266898155212402,2026-04-21T08:39:59.744511+00:00
NR-Aromatase,morgan_4096,LogisticRegression,smoteenn,f1_weighted,"{'C': 0.001, 'l1_ratio': 1.0}",0.0252206809583858,1586,0.974779319041614,0.9623300301649652,0.4936143039591315,0.5,0.0252206809583858,0.5033705110920456,0.3370850626210714,0.3348279797815098,0.5,0.4966294889079544,8159.0,0.9231805929919138,0.886305124315993,0.4800280308339173,0.5,0.0768194070080862,742.0,0.289531946182251,0.270137071609497,2026-04-21T08:40:00.533023+00:00
NR-Aromatase,morgan_4096,LogisticRegression,smoten,f1_weighted,"{'C': 0.01, 'l1_ratio': 1.0}",0.1372945271194528,1586,0.9760403530895334,0.9681765167796108,0.5980847204438754,0.6308053040103493,0.1372945271194528,0.8550036523009495,0.8548702861442062,0.8548702861442063,0.9256357911620186,0.9308582873239158,8214.0,0.7789757412398922,0.8156245273238785,0.4959656709246649,0.5857087975412985,0.1107933210687713,742.0,0.381800889968872,0.3050398826599121,2026-04-21T08:40:01.807680+00:00
NR-Aromatase,morgan_4096,LogisticRegression,smoten_enn,f1_weighted,"{'C': 0.01, 'l1_ratio': 1.0}",0.1367637519159826,1586,0.9760403530895334,0.9681765167796108,0.5980847204438754,0.6255336351875809,0.1367637519159826,0.8592418817137918,0.8591774892008225,0.8592083439466203,0.9367497168673846,0.9362799860591776,8099.0,0.7830188679245284,0.8170111388562773,0.4885935058541493,0.5752593161736457,0.1082683253439295,742.0,0.3616299629211426,0.2647149562835693,2026-04-21T08:40:04.937971+00:00
NR-Aromatase,pubchem,BalancedRandomForest,none,f1_weighted,"{'max_depth': 15, 'max_features': 'sqrt', 'min_samples_leaf': 5, 'n_estimators': 100}",0.5395083088540268,1586,0.9867591424968474,0.9852633134065332,0.8350820727389765,0.8320585381630012,0.5395083088540268,0.8327205882352942,0.8733768137172621,0.6347531924234012,0.929299404202879,0.6128202218339938,4352.0,0.8045822102425876,0.8420552991397146,0.5994460225686236,0.7756947112306314,0.3162523972626767,742.0,0.6859009265899658,0.590831995010376,2026-04-21T22:47:01.951186+00:00
NR-Aromatase,pubchem,RandomForest,random_over,f1_weighted,"{'max_depth': 5, 'max_features': 'sqrt', 'min_samples_leaf': 20, 'n_estimators': 100}",0.5365823296427321,1586,0.9854981084489282,0.9838598194452504,0.8193756034760219,0.8381387451487711,0.5365823296427321,0.8007061115169223,0.8006747694720957,0.8006747694720957,0.8815054665349812,0.8878428252455632,8214.0,0.7722371967654986,0.8206138784030895,0.5813969014864987,0.7869893712383148,0.3063874319863048,742.0,0.6072371006011963,0.4451642036437988,2026-04-21T17:33:29.688136+00:00
NR-Aromatase,pubchem,RandomForest,random_under,f1_weighted,"{'max_depth': 5, 'max_features': 'sqrt', 'min_samples_leaf': 20, 'n_estimators': 200}",0.5693143747621319,1586,0.9861286254728878,0.9846886810352552,0.8297918008156256,0.85619340232859,0.5693143747621319,0.7482993197278912,0.7532543158193541,0.7294509032231107,0.8302498958767179,0.7454615674027304,735.0,0.7048517520215634,0.7731211582365777,0.5413742009229076,0.7636445127417082,0.2692539100988013,742.0,0.4206588268280029,0.3126468658447265,2026-04-21T17:33:54.455558+00:00
NR-Aromatase,pubchem,BernoulliNB,smote,f1_weighted,{'alpha': 50.0},0.4871339657904533,1586,0.9836065573770492,0.9812743049238142,0.7861425163364797,0.8033230918499352,0.4871339657904533,0.7243730216703189,0.7243702600537845,0.7243702600537846,0.7993610355661962,0.807364425415711,8214.0,0.7358490566037735,0.7938370989797799,0.5373829397394136,0.712754514022282,0.1822531343711159,742.0,0.0690722465515136,0.0652170181274414,2026-04-21T14:13:41.911984+00:00
NR-Aromatase,pubchem,BernoulliNB,smoteenn,f1_weighted,{'alpha': 50.0},0.4877835047132533,1586,0.9836065573770492,0.9812743049238142,0.7861425163364797,0.7990378395860285,0.4877835047132533,0.7297430830039525,0.7297565093086914,0.7297205024005282,0.8019626715127179,0.8063425213106179,8096.0,0.7412398921832885,0.797598627787307,0.5411255411255411,0.71260084517864,0.1817385589797377,742.0,0.0922458171844482,0.0759739875793457,2026-04-21T14:13:43.362916+00:00
NR-Aromatase,pubchem,BernoulliNB,smoten,f1_weighted,{'alpha': 50.0},0.4828891561058268,1586,0.9829760403530896,0.9807257003814857,0.7813720534852732,0.7695666235446312,0.4828891561058268,0.7756269783296811,0.7756241815217088,0.7756241815217088,0.8561268511913094,0.857908192922025,8214.0,0.7722371967654986,0.8173852623154206,0.5473568321692205,0.6948136765270841,0.1806363276442241,742.0,0.1443440914154052,0.1050171852111816,2026-04-21T14:13:45.349130+00:00
NR-Aromatase,pubchem,BernoulliNB,smoten_enn,f1_weighted,{'alpha': 50.0},0.480378422568802,1586,0.9829760403530896,0.9807257003814857,0.7813720534852732,0.750663001293661,0.480378422568802,0.7849182763744428,0.7849287022972016,0.7848790892854527,0.8676876606949537,0.8626764988874991,8076.0,0.7857142857142857,0.8264323911382734,0.5572642837039121,0.6892687924190037,0.1714737795937782,742.0,0.1062550544738769,0.1055092811584472,2026-04-21T14:13:47.359437+00:00
NR-Aromatase,rdkit,BalancedRandomForest,none,f1_weighted,"{'max_depth': 15, 'max_features': 'sqrt', 'min_samples_leaf': 10, 'n_estimators': 100}",0.5658344988607307,1586,0.9861286254728878,0.9844304086107364,0.8245857464607464,0.8835866752910738,0.5658344988607307,0.8028492647058824,0.853079250857049,0.6050124906066576,0.9165580914615664,0.6268681108317639,4352.0,0.7654986522911051,0.8134818102219856,0.549153536708012,0.7084645921372774,0.1979485948711086,742.0,0.977592945098877,0.9074771404266356,2026-04-21T22:47:54.977542+00:00
NR-Aromatase,rdkit,LogisticRegression,random_over,f1_weighted,"{'C': 0.01, 'l1_ratio': 1.0}",0.5488863130383423,1586,0.9854981084489282,0.9838598194452504,0.8193756034760219,0.8397396507115136,0.5488863130383423,0.8122717311906501,0.8122124027109284,0.8122124027109284,0.89059537100127,0.8884020434137758,8214.0,0.7924528301886793,0.832072509700542,0.5728937728937729,0.7269048533743117,0.2486773220941503,742.0,0.432358980178833,0.428541898727417,2026-04-21T08:40:23.901048+00:00
NR-Aromatase,rdkit,RandomForest,random_under,f1_weighted,"{'max_depth': 10, 'max_features': 'log2', 'min_samples_leaf': 20, 'n_estimators': 100}",0.55382398856445,1586,0.9854981084489282,0.983581152176821,0.8137613788948623,0.8651196636481242,0.55382398856445,0.7482993197278912,0.7550732812678697,0.7364258590510749,0.8654685547688463,0.7975676095113083,735.0,0.6792452830188679,0.7532860905502415,0.4978046228046228,0.6906133948008707,0.1503324749873453,742.0,0.2128770351409912,0.1629021167755127,2026-04-21T17:35:09.839846+00:00
NR-Aromatase,rdkit,LogisticRegression,smote,f1_weighted,"{'C': 0.001, 'l1_ratio': 1.0}",0.0252206809583858,1586,0.974779319041614,0.9623300301649652,0.4936143039591315,0.5,0.0252206809583858,0.5,0.3333333333333333,0.3333333333333333,0.5,0.5,8214.0,0.9231805929919138,0.886305124315993,0.4800280308339173,0.5,0.0768194070080862,742.0,0.2401778697967529,0.2214291095733642,2026-04-21T08:40:29.058238+00:00
NR-Aromatase,rdkit,LogisticRegression,smoteenn,f1_weighted,"{'C': 0.001, 'l1_ratio': 1.0}",0.0252206809583858,1586,0.974779319041614,0.9623300301649652,0.4936143039591315,0.5,0.0252206809583858,0.5138245965219567,0.3488062178373018,0.3394214876033057,0.5,0.4861754034780433,7993.0,0.9231805929919138,0.886305124315993,0.4800280308339173,0.5,0.0768194070080862,742.0,0.2087910175323486,0.1604089736938476,2026-04-21T08:40:30.548588+00:00
NR-Aromatase,rdkit,XGBoost,smoten,f1_weighted,"{'colsample_bytree': 0.8, 'learning_rate': 0.1, 'max_depth': 7, 'min_child_weight': 5, 'n_estimators': 200, 'scale_pos_weight': 1, 'subsample': 0.8}",0.20314419990227922,1586,0.9773013871374527,0.9712920748860221,0.6480769230769231,0.6398124191461837,0.20314419990227922,0.9976868760652544,0.9976868719169019,0.9976868719169019,0.9998102854794463,0.9997614596520694,8214.0,0.9177897574123989,0.8922892996179042,0.5364162441747324,0.6179792547061084,0.16711661316319817,742.0,6.134721040725708,6.304900884628296,2026-04-30T00:26:16.858274+00:00
NR-Aromatase,rdkit,XGBoost,smoten_enn,f1_weighted,"{'colsample_bytree': 0.8, 'learning_rate': 0.1, 'max_depth': 5, 'min_child_weight': 1, 'n_estimators': 200, 'scale_pos_weight': 1, 'subsample': 0.8}",0.12756527444438626,1586,0.9754098360655737,0.9685327595406983,0.6113990613868104,0.49418661060802066,0.12756527444438626,0.9996284369581372,0.9996284393014049,0.999628329948914,0.9999005982457294,0.9998619174414406,8074.0,0.9272237196765498,0.8980352836682336,0.5455287872601062,0.5055320783711101,0.14488279198973067,742.0,5.814805030822754,5.756173849105835,2026-04-30T00:27:26.169431+00:00
NR-Aromatase,topological_torsion,RandomForest,none,f1_weighted,"{'max_depth': 10, 'max_features': 'log2', 'min_samples_leaf': 20, 'n_estimators': 200}",0.555824943274342,1586,0.9861286254728878,0.9841551810893812,0.8190436676693289,0.833675614489004,0.555824943274342,0.859375,0.8896964935889512,0.643684711571032,0.8867081091019315,0.4681769773265989,4352.0,0.8530997304582211,0.8664068052443386,0.5782398064277259,0.7409143296196696,0.2303061143792872,742.0,0.5658738613128662,0.4201588630676269,2026-04-21T17:36:02.765892+00:00
NR-Aromatase,topological_torsion,RandomForest,random_over,f1_weighted,"{'max_depth': 10, 'max_features': 'log2', 'min_samples_leaf': 20, 'n_estimators': 100}",0.5554027349027597,1586,0.9861286254728878,0.9841551810893812,0.8190436676693289,0.8123625485122897,0.5554027349027597,0.8069150231312393,0.8059136646368411,0.8059136646368411,0.9038460113322412,0.9067516981721524,8214.0,0.8598382749326146,0.870031132098996,0.5790713911677431,0.7459854014598539,0.2338877699156388,742.0,0.5290100574493408,0.3785572052001953,2026-04-21T17:36:11.088271+00:00
NR-Aromatase,topological_torsion,BernoulliNB,random_under,f1_weighted,{'alpha': 1.0},0.5449667350606184,1586,0.9842370744010088,0.9821534262791534,0.7975667161900677,0.8644404915912031,0.5449667350606184,0.8285714285714286,0.8243137254901961,0.798235294117647,0.8950937109537692,0.8128975169440625,735.0,0.8584905660377359,0.865934596160354,0.554277868360079,0.7426302983736714,0.194053096834718,742.0,0.0537209510803222,0.0122430324554443,2026-04-21T14:14:03.859833+00:00
NR-Aromatase,topological_torsion,LogisticRegression,smote,f1_weighted,"{'C': 0.001, 'l1_ratio': 1.0}",0.0252206809583858,1586,0.974779319041614,0.9623300301649652,0.4936143039591315,0.5,0.0252206809583858,0.5,0.3333333333333333,0.3333333333333333,0.5,0.5,8214.0,0.9231805929919138,0.886305124315993,0.4800280308339173,0.5,0.0768194070080862,742.0,0.1508400440216064,0.1308562755584716,2026-04-21T08:40:43.655076+00:00
NR-Aromatase,topological_torsion,LogisticRegression,smoteenn,f1_weighted,"{'C': 0.001, 'l1_ratio': 1.0}",0.0252206809583858,1586,0.974779319041614,0.9623300301649652,0.4936143039591315,0.5,0.0252206809583858,0.5058504741963296,0.3398540647021635,0.3359234418452478,0.5,0.4941495258036704,8119.0,0.9231805929919138,0.886305124315993,0.4800280308339173,0.5,0.0768194070080862,742.0,0.1344039440155029,0.1003637313842773,2026-04-21T08:40:44.255805+00:00
NR-Aromatase,topological_torsion,LogisticRegression,smoten,f1_weighted,"{'C': 0.001, 'l1_ratio': 1.0}",0.0252206809583858,1586,0.974779319041614,0.9623300301649652,0.4936143039591315,0.5,0.0252206809583858,0.5,0.3333333333333333,0.3333333333333333,0.5,0.5,8214.0,0.9231805929919138,0.886305124315993,0.4800280308339173,0.5,0.0768194070080862,742.0,0.1503322124481201,0.1253502368927002,2026-04-21T08:40:44.626966+00:00
NR-Aromatase,topological_torsion,LogisticRegression,smoten_enn,f1_weighted,"{'C': 0.001, 'l1_ratio': 1.0}",0.0252206809583858,1586,0.974779319041614,0.9623300301649652,0.4936143039591315,0.5,0.0252206809583858,0.5097430805510736,0.3442148687641005,0.3376356461690233,0.5,0.4902569194489264,8057.0,0.9231805929919138,0.886305124315993,0.4800280308339173,0.5,0.0768194070080862,742.0,0.1104929447174072,0.0989229679107666,2026-04-21T08:40:47.278387+00:00
NR-ER,atom_pair,RUSBoost,none,f1_weighted,"{'learning_rate': 0.005, 'n_estimators': 100, 'sampling_strategy': 'auto'}",0.2838264686305602,1596,0.950501253132832,0.9372747587124995,0.6495476339378778,0.6648972290168305,0.2838264686305602,0.8025657751685149,0.8277699904827275,0.6732824508706121,0.8336086970888543,0.5103767569098904,4599.0,0.7794871794871795,0.8160691674580564,0.6078843995510662,0.7681457944615839,0.3409534417113862,780.0,7.571440935134888,7.1571080684661865,2026-04-29T18:40:59.060035+00:00
NR-ER,atom_pair,RandomForest,random_over,f1_weighted,"{'max_depth': 5, 'max_features': 'log2', 'min_samples_leaf': 10, 'n_estimators': 200}",0.2763689784013595,1596,0.9511278195488722,0.9349709119317966,0.6262429744920017,0.652276295133438,0.2763689784013595,0.7742055610724925,0.7730003517799136,0.7730003517799136,0.8531125591564117,0.8614087737629307,8056.0,0.8025641025641026,0.8315064102564104,0.6208333333333333,0.7594169699432858,0.361539045190436,780.0,0.7804431915283203,0.5523691177368164,2026-04-21T17:38:08.482410+00:00
NR-ER,atom_pair,RandomForest,random_under,f1_weighted,"{'max_depth': 15, 'max_features': 'log2', 'min_samples_leaf': 10, 'n_estimators': 100}",0.2988235379064628,1596,0.9517543859649122,0.9361699300729602,0.6343011543028207,0.6562337994231682,0.2988235379064628,0.8114419147694104,0.8095936245641793,0.7838528024376666,0.8647424710389184,0.8007203796077944,1713.0,0.8025641025641026,0.8303579946113883,0.6128707893413776,0.7532837006521217,0.3165885044521278,780.0,0.2233188152313232,0.1908810138702392,2026-04-21T17:38:12.643001+00:00
NR-ER,atom_pair,DecisionTree,smote,f1_weighted,"{'ccp_alpha': 0.0, 'criterion': 'gini', 'max_depth': 5, 'min_samples_leaf': 10}",0.1022415839605765,1596,0.9348370927318296,0.9249182150730032,0.6061615557643575,0.5412325216311927,0.1022415839605765,0.7872393247269116,0.7872345907154911,0.7872345907154911,0.8343386574514644,0.7790177627639958,8056.0,0.7576923076923077,0.7943082772740568,0.5424225964149919,0.5849882691987955,0.1426976462049047,780.0,0.8511910438537598,0.8916559219360352,2026-04-22T08:52:39.716785+00:00
NR-ER,atom_pair,LogisticRegression,smoteenn,f1_weighted,"{'C': 0.001, 'l1_ratio': 1.0}",0.0570175438596491,1596,0.9429824561403508,0.9153102847411982,0.4853273137697517,0.5,0.0570175438596491,0.5141690068930304,0.3491945303937154,0.3395717416961726,0.5,0.4858309931069696,7834.0,0.9012820512820512,0.8544858827394228,0.4740391099123398,0.5,0.0987179487179487,780.0,0.1227850914001464,0.1139760017395019,2026-04-21T08:40:55.832811+00:00
NR-ER,atom_pair,DecisionTree,smoten,f1_weighted,"{'ccp_alpha': 0.01, 'criterion': 'gini', 'max_depth': 10, 'min_samples_leaf': 10}",0.0890528757633546,1596,0.93734335839599,0.921789336622807,0.5670572916666666,0.491325617903691,0.0890528757633546,0.7919563058589871,0.7902998269201857,0.7902998269201857,0.8403876748066414,0.8006537977890991,8056.0,0.8423076923076923,0.846942376619796,0.583186705767351,0.6065747907853171,0.1581157606065409,780.0,1.494675874710083,1.460848093032837,2026-04-22T08:52:54.984695+00:00
NR-ER,atom_pair,DecisionTree,smoten_enn,f1_weighted,"{'ccp_alpha': 0.01, 'criterion': 'gini', 'max_depth': 5, 'min_samples_leaf': 10}",0.0783429042552246,1596,0.931077694235589,0.918587317968123,0.565359477124183,0.4853419006242926,0.0783429042552246,0.7933725690890481,0.7933223019157771,0.7930857505121491,0.8310869583454362,0.7584097216723069,7816.0,0.7807692307692308,0.8109567633269664,0.5655360440913488,0.5976797029428608,0.1430482948805948,780.0,0.7475771903991699,0.7258808612823486,2026-04-22T08:53:06.413311+00:00
NR-ER,avalon,BernoulliNB,none,f1_weighted,{'alpha': 50.0},0.2225196354797363,1596,0.949248120300752,0.9312720576952586,0.6011661807580175,0.606359753203607,0.2225196354797363,0.7432050445749075,0.7694932290669131,0.5382508530138264,0.6299354605328377,0.2065516348017786,4599.0,0.7217948717948718,0.767363568566085,0.5007653986709494,0.6071197650145018,0.1322121417349203,780.0,0.0134408473968505,0.0062668323516845,2026-04-21T14:14:25.875240+00:00
NR-ER,avalon,DecisionTree,random_over,f1_weighted,"{'ccp_alpha': 0.0, 'criterion': 'entropy', 'max_depth': 5, 'min_samples_leaf': 10}",0.1926782763425562,1596,0.9442355889724312,0.9320394922748672,0.62949070753179,0.6281771384761418,0.1926782763425562,0.718098311817279,0.7180980989763384,0.7180980989763385,0.8023720685588172,0.7894032526948058,8056.0,0.75,0.7923038824691387,0.5620236178980014,0.6555578134525503,0.2309938455290578,780.0,0.2727351188659668,0.1557610034942627,2026-04-22T08:53:57.393236+00:00
NR-ER,avalon,LogisticRegression,random_under,f1_weighted,"{'C': 0.01, 'l1_ratio': 1.0}",0.1495083863504916,1596,0.9429824561403508,0.9317628456034056,0.6324321041082994,0.5980833120368003,0.1495083863504916,0.5960303561004087,0.6069727537197116,0.5888096460434848,0.6208406304728545,0.4032404084484128,1713.0,0.5615384615384615,0.6479111859412817,0.4601704724823739,0.6006354953723375,0.1235675283620489,780.0,0.0220749378204345,0.0113956928253173,2026-04-21T08:41:02.764418+00:00
NR-ER,avalon,LogisticRegression,smote,f1_weighted,"{'C': 0.001, 'l1_ratio': 1.0}",0.0570175438596491,1596,0.9429824561403508,0.9153102847411982,0.4853273137697517,0.5,0.0570175438596491,0.5,0.3333333333333333,0.3333333333333333,0.5,0.5,8056.0,0.9012820512820512,0.8544858827394228,0.4740391099123398,0.5,0.0987179487179487,780.0,0.052671194076538,0.0449120998382568,2026-04-21T08:41:03.098845+00:00
NR-ER,avalon,LogisticRegression,smoteenn,f1_weighted,"{'C': 0.001, 'l1_ratio': 0.0}",0.1051886564459386,1596,0.9335839598997494,0.9154022673831792,0.5258732792251468,0.4718265123580738,0.1051886564459386,0.8221091098929784,0.822226359309203,0.821976649741676,0.9016930331925284,0.8984813052483412,7662.0,0.8205128205128205,0.833188308573799,0.5686931243680485,0.6202915150283571,0.2298132307632768,780.0,0.114326000213623,0.0922181606292724,2026-04-21T08:41:03.925862+00:00
NR-ER,avalon,XGBoost,smoten,f1_weighted,"{'colsample_bytree': 0.8, 'learning_rate': 0.05, 'max_depth': 3, 'min_child_weight': 5, 'n_estimators': 100, 'scale_pos_weight': 1, 'subsample': 0.8}",0.14219181806412873,1596,0.9454887218045113,0.9233694337834416,0.546542045087147,0.5696141068234091,0.14219181806412873,0.8741310824230387,0.874125837919718,0.8741258379197181,0.9438517640666279,0.9449308422228238,8056.0,0.8641025641025641,0.8633050200895597,0.6136737440191388,0.6551329182908131,0.2852399422575384,780.0,0.5753159523010254,0.549220085144043,2026-04-30T00:35:36.789823+00:00
NR-ER,avalon,DecisionTree,smoten_enn,f1_weighted,"{'ccp_alpha': 0.0, 'criterion': 'gini', 'max_depth': 10, 'min_samples_leaf': 50}",0.1182398760981751,1596,0.943609022556391,0.9240877692831964,0.5608897149634992,0.5174874958928115,0.1182398760981751,0.8652308485942739,0.8652819679912028,0.8651783568645417,0.9445431563062854,0.9296406376800812,7754.0,0.8038461538461539,0.8233876465862232,0.56311159434615,0.5801666327982117,0.1938020851466665,780.0,0.2020490169525146,0.1811821460723877,2026-04-22T08:54:26.027502+00:00
NR-ER,erg,EasyEnsemble,none,f1_weighted,"{'n_estimators': 10, 'replacement': True}",0.1964818711301313,1596,0.949874686716792,0.9361526546288146,0.6421685126227523,0.5909386294768355,0.1964818711301313,0.7290715372907154,0.771833466963497,0.608667914117133,0.7932528343626141,0.4643139925038966,4599.0,0.7384615384615385,0.7860314526664295,0.5702432911283004,0.7042729674308623,0.2739348895696205,780.0,4.518644094467163,2.983121871948242,2026-04-21T22:52:56.035347+00:00
NR-ER,erg,DecisionTree,random_over,f1_weighted,"{'ccp_alpha': 0.0, 'criterion': 'gini', 'max_depth': 5, 'min_samples_leaf': 20}",0.1586829994981278,1596,0.9479949874686716,0.9327000637711914,0.6192649607532614,0.5506334197364099,0.1586829994981278,0.7238083416087389,0.7220375429977197,0.7220375429977197,0.8015306397915684,0.782219540994995,8056.0,0.6641025641025641,0.7310456996094412,0.5193972004816375,0.6313110786794998,0.2038794039510625,780.0,0.104947805404663,0.0991749763488769,2026-04-22T08:54:37.320093+00:00
NR-ER,erg,XGBoost,random_under,f1_weighted,"{'colsample_bytree': 0.8, 'learning_rate': 0.1, 'max_depth': 7, 'min_child_weight': 5, 'n_estimators': 100, 'scale_pos_weight': 1, 'subsample': 0.8}",0.22016939954100376,1596,0.9505012531328321,0.9345120061787514,0.6248024829860108,0.5656346975283852,0.22016939954100376,0.9060128429655575,0.9030676100227326,0.888185061258546,0.9594038786532982,0.9350020281567591,1713.0,0.8371794871794872,0.8464043267050732,0.5953282596173879,0.7033585191479927,0.3067827518533165,780.0,0.2010180950164795,0.17452502250671387,2026-04-30T00:36:15.922618+00:00
NR-ER,erg,RandomForest,smote,f1_weighted,"{'max_depth': 5, 'max_features': 'sqrt', 'min_samples_leaf': 20, 'n_estimators': 100}",0.179381371815352,1596,0.9467418546365914,0.9295382344961248,0.5963064690355813,0.5960059873681136,0.179381371815352,0.8229890764647467,0.8224251086129539,0.8224251086129539,0.9127625674400348,0.9161847380352292,8056.0,0.8525641025641025,0.8648521658992864,0.656951418660772,0.7121520016256859,0.339851415590503,780.0,0.4368629455566406,0.2983150482177734,2026-04-21T17:40:49.841595+00:00
NR-ER,erg,RandomForest,smoteenn,f1_weighted,"{'max_depth': 15, 'max_features': 'sqrt', 'min_samples_leaf': 20, 'n_estimators': 100}",0.2067525411828168,1596,0.9479949874686716,0.9304010833670158,0.5986973447037974,0.588273520499434,0.2067525411828168,0.9190431139343156,0.918894201426012,0.918123843016914,0.9733775835541008,0.9706334403160136,7399.0,0.867948717948718,0.8683276964874944,0.6310871312134083,0.7131680552733184,0.3445814004170573,780.0,0.5281238555908203,0.3719229698181152,2026-04-21T17:40:53.550506+00:00
NR-ER,erg,LogisticRegression,smoten,f1_weighted,"{'C': 0.001, 'l1_ratio': 1.0}",0.0570175438596491,1596,0.9429824561403508,0.9153102847411982,0.4853273137697517,0.5,0.0570175438596491,0.5,0.3333333333333333,0.3333333333333333,0.5,0.5,8056.0,0.9012820512820512,0.8544858827394228,0.4740391099123398,0.5,0.0987179487179487,780.0,0.0268499851226806,0.014988899230957,2026-04-21T08:41:10.693518+00:00
NR-ER,erg,XGBoost,smoten_enn,f1_weighted,"{'colsample_bytree': 0.8, 'learning_rate': 0.1, 'max_depth': 7, 'min_child_weight': 1, 'n_estimators': 200, 'scale_pos_weight': 1, 'subsample': 0.8}",0.07124545334193848,1596,0.9379699248120301,0.9169844247389707,0.5213377966948909,0.4121353729327151,0.07124545334193848,0.9956613016095172,0.9956633616242585,0.9955938552009467,0.9995556449734757,0.9993035888486727,7145.0,0.8974358974358975,0.87009616010984,0.5644769535721266,0.5689253847148584,0.21079342520170885,780.0,1.1705479621887207,1.141273021697998,2026-04-30T00:36:47.677859+00:00
NR-ER,estate,DecisionTree,none,f1_weighted,"{'ccp_alpha': 0.0, 'criterion': 'entropy', 'max_depth': 5, 'min_samples_leaf': 10}",0.2113706033014523,1596,0.9486215538847118,0.9338656908678452,0.627030539311241,0.6001423825344092,0.2113706033014523,0.6738421395955643,0.7290402639434579,0.5744049998667413,0.7868154094717016,0.3716754320052244,4599.0,0.7102564102564103,0.7661821941024018,0.5577920709619804,0.6933919565498513,0.2498529696751144,780.0,0.013071060180664,0.0083029270172119,2026-04-22T08:54:54.516417+00:00
NR-ER,estate,XGBoost,random_over,f1_weighted,"{'colsample_bytree': 0.8, 'learning_rate': 0.1, 'max_depth': 3, 'min_child_weight': 5, 'n_estimators': 100, 'scale_pos_weight': 1, 'subsample': 0.8}",0.2425578160301307,1596,0.9505012531328321,0.9359434341918569,0.6376136373434658,0.630002555583951,0.2425578160301307,0.7753227408142999,0.7750509960269503,0.7750509960269504,0.861107827383095,0.8610600217506014,8056.0,0.7923076923076923,0.8238736539104062,0.6090878717006348,0.7262104893683841,0.32583999991718077,780.0,0.09703969955444336,0.08410406112670898,2026-04-30T00:37:18.877371+00:00
NR-ER,estate,DecisionTree,random_under,f1_weighted,"{'ccp_alpha': 0.0, 'criterion': 'gini', 'max_depth': 5, 'min_samples_leaf': 20}",0.2010738875890399,1596,0.9467418546365914,0.9303224969447488,0.6033228944621349,0.6150158811288381,0.2010738875890399,0.7297139521307647,0.7345811069405797,0.7081130555462527,0.7901145868157686,0.6614622093785059,1713.0,0.7487179487179487,0.7934292678343188,0.5781270696277981,0.7362047625205519,0.2690160551490724,780.0,0.0072638988494873,0.0033442974090576,2026-04-22T08:54:55.868006+00:00
NR-ER,estate,XGBoost,smote,f1_weighted,"{'colsample_bytree': 0.8, 'learning_rate': 0.05, 'max_depth': 3, 'min_child_weight': 1, 'n_estimators': 200, 'scale_pos_weight': 1, 'subsample': 0.8}",0.15425699469689153,1596,0.9467418546365914,0.9251310559953165,0.5569663658897412,0.5624694242634443,0.15425699469689153,0.9255213505461768,0.9254687576615175,0.9254687576615175,0.9678572608424248,0.9753955579936612,8056.0,0.8730769230769231,0.8639905920804384,0.5931313918995105,0.6851711588553693,0.2680589164999194,780.0,0.23957610130310059,0.2256162166595459,2026-04-30T00:37:20.004729+00:00
NR-ER,estate,RandomForest,smoteenn,f1_weighted,"{'max_depth': 15, 'max_features': 'sqrt', 'min_samples_leaf': 5, 'n_estimators': 200}",0.1577016264323161,1596,0.9467418546365914,0.9251310559953164,0.5569663658897412,0.5684823482165675,0.1577016264323161,0.9496714848883048,0.949635268669942,0.9494308074877932,0.9889665765104902,0.9876544812412832,7610.0,0.8858974358974359,0.8727494088815948,0.6072440891423528,0.7106925791136317,0.2997688289412648,780.0,0.5382280349731445,0.5347867012023926,2026-04-21T17:41:32.141993+00:00
NR-ER,estate,DecisionTree,smoten,f1_weighted,"{'ccp_alpha': 0.001, 'criterion': 'gini', 'max_depth': 10, 'min_samples_leaf': 20}",0.1198729190291088,1596,0.9342105263157896,0.9198218729085512,0.5628822954026736,0.5201927640465845,0.1198729190291088,0.820506454816286,0.8204666194526861,0.8204666194526861,0.8989978849641389,0.87844328750628,8056.0,0.7782051282051282,0.8051989699985281,0.5369744467815709,0.5703940440782547,0.1712453291798474,780.0,0.0258309841156005,0.0283257961273193,2026-04-22T08:54:57.362246+00:00
NR-ER,estate,LogisticRegression,smoten_enn,f1_weighted,"{'C': 0.001, 'l1_ratio': 1.0}",0.0570175438596491,1596,0.9429824561403508,0.9153102847411982,0.4853273137697517,0.5,0.0570175438596491,0.5442507769220376,0.3836279866028466,0.3524367836206142,0.5,0.4557492230779624,7401.0,0.9012820512820512,0.8544858827394228,0.4740391099123398,0.5,0.0987179487179487,780.0,0.0111019611358642,0.006058931350708,2026-04-21T08:41:20.515373+00:00
NR-ER,fcfp,DecisionTree,none,f1_weighted,"{'ccp_alpha': 0.001, 'criterion': 'gini', 'max_depth': 15, 'min_samples_leaf': 50}",0.1996143631717084,1596,0.949248120300752,0.933601438264996,0.6219900523697992,0.5890036873425579,0.1996143631717084,0.6623178951946075,0.7197375997092906,0.5683265253330441,0.7935963144155536,0.3636587686475037,4599.0,0.691025641025641,0.7510815736691313,0.5337693549707211,0.6888197151355046,0.2330565367880615,780.0,0.3620071411132812,0.3804731369018554,2026-04-22T08:54:59.338441+00:00
NR-ER,fcfp,XGBoost,random_over,f1_weighted,"{'colsample_bytree': 0.8, 'learning_rate': 0.05, 'max_depth': 3, 'min_child_weight': 10, 'n_estimators': 100, 'scale_pos_weight': 1, 'subsample': 0.8}",0.21507009918125347,1596,0.9461152882205514,0.9291097042352208,0.5951389298566456,0.5904895768683145,0.21507009918125347,0.7369662363455809,0.7332171474345826,0.7332171474345826,0.8302696664559602,0.8411329844305622,8056.0,0.8358974358974359,0.8519939668174963,0.6329411764705882,0.6997284365705418,0.30541810176527306,780.0,1.9032540321350098,1.8928110599517822,2026-04-30T00:37:30.559960+00:00
NR-ER,fcfp,DecisionTree,random_under,f1_weighted,"{'ccp_alpha': 0.01, 'criterion': 'entropy', 'max_depth': 5, 'min_samples_leaf': 10}",0.1696935248659386,1596,0.9479949874686716,0.9327000637711914,0.6192649607532614,0.5804607352780111,0.1696935248659386,0.649737302977233,0.6597192088576587,0.6403325821307093,0.723246462868167,0.5609605228925567,1713.0,0.6641025641025641,0.7312218658442854,0.5232184851991488,0.6623746097430309,0.1808626939548975,780.0,0.1900122165679931,0.1367490291595459,2026-04-22T08:55:00.198665+00:00
NR-ER,fcfp,LogisticRegression,smote,f1_weighted,"{'C': 0.001, 'l1_ratio': 1.0}",0.0570175438596491,1596,0.9429824561403508,0.9153102847411982,0.4853273137697517,0.5,0.0570175438596491,0.5,0.3333333333333333,0.3333333333333333,0.5,0.5,8056.0,0.9012820512820512,0.8544858827394228,0.4740391099123398,0.5,0.0987179487179487,780.0,0.1195509433746337,0.0928661823272705,2026-04-21T08:41:22.326588+00:00
NR-ER,fcfp,LogisticRegression,smoteenn,f1_weighted,"{'C': 0.001, 'l1_ratio': 1.0}",0.0570175438596491,1596,0.9429824561403508,0.9153102847411982,0.4853273137697517,0.5,0.0570175438596491,0.5214914552045572,0.3574825700415174,0.3427501701837985,0.5,0.4785085447954428,7724.0,0.9012820512820512,0.8544858827394228,0.4740391099123398,0.5,0.0987179487179487,780.0,0.1060810089111328,0.0837790966033935,2026-04-21T08:41:22.969655+00:00
NR-ER,fcfp,LogisticRegression,smoten,f1_weighted,"{'C': 0.01, 'l1_ratio': 1.0}",0.1635219485664054,1596,0.9398496240601504,0.924163816464178,0.5776055048906631,0.5257274287174619,0.1635219485664054,0.8218718967229395,0.821536961963625,0.821536961963625,0.8906011321938092,0.8846892029603495,8056.0,0.7974358974358975,0.8196849871036261,0.5617603550295858,0.5956937799043062,0.2478304689118631,780.0,0.1408438682556152,0.1108310222625732,2026-04-21T08:41:23.588113+00:00
NR-ER,fcfp,LogisticRegression,smoten_enn,f1_weighted,"{'C': 0.01, 'l1_ratio': 1.0}",0.1614180803838231,1596,0.9398496240601504,0.924163816464178,0.5776055048906631,0.5282684093315323,0.1614180803838231,0.8286232823437905,0.8286565529160398,0.8286191235222593,0.9182055306290584,0.8968121427478576,7714.0,0.8102564102564103,0.8263977920227921,0.5604897660818714,0.5956198850935693,0.23475665955681,780.0,0.1047360897064209,0.0993118286132812,2026-04-21T08:41:24.667741+00:00
NR-ER,klekota_roth,DecisionTree,none,f1_weighted,"{'ccp_alpha': 0.001, 'criterion': 'entropy', 'max_depth': 15, 'min_samples_leaf': 20}",0.1230807653884577,1596,0.9461152882205514,0.9291097042352208,0.5951389298566456,0.5541856814282062,0.1230807653884577,0.7788649706457925,0.8103821078445885,0.6549545139840498,0.819165578255191,0.4727206173147538,4599.0,0.7756410256410257,0.8083192852196303,0.5676535146760252,0.6167168535589589,0.2145302746413719,780.0,0.4993090629577636,0.4621491432189941,2026-04-22T08:56:34.060674+00:00
NR-ER,klekota_roth,DecisionTree,random_over,f1_weighted,"{'ccp_alpha': 0.0, 'criterion': 'entropy', 'max_depth': 10, 'min_samples_leaf': 10}",0.1521210987155259,1596,0.9448621553884712,0.92663384935895,0.5783254071191815,0.5525135993574533,0.1521210987155259,0.7512413108242304,0.7469590365216554,0.7469590365216554,0.7973157916925119,0.7976781207383603,8056.0,0.8320512820512821,0.8408549476997131,0.5784218669417225,0.5849420849420849,0.1866411146086109,780.0,2.277132987976074,2.0422630310058594,2026-04-22T08:56:36.714687+00:00
NR-ER,klekota_roth,XGBoost,random_under,f1_weighted,"{'colsample_bytree': 0.8, 'learning_rate': 0.1, 'max_depth': 7, 'min_child_weight': 1, 'n_estimators': 200, 'scale_pos_weight': 1, 'subsample': 0.8}",0.1813097146876606,1596,0.9473684210526315,0.9274099011091406,0.5746430611079383,0.559592566901537,0.1813097146876606,0.9416228838295388,0.9409117018371517,0.9327900034840908,0.9847036108955621,0.9745715159158845,1713.0,0.8641025641025641,0.8641025641025641,0.6181485655169865,0.7042544937281778,0.31620659630647363,780.0,2.950622081756592,2.7858822345733643,2026-04-30T00:40:25.325639+00:00
NR-ER,klekota_roth,LogisticRegression,smote,f1_weighted,"{'C': 0.001, 'l1_ratio': 1.0}",0.0570175438596491,1596,0.9429824561403508,0.9153102847411982,0.4853273137697517,0.5,0.0570175438596491,0.5,0.3333333333333333,0.3333333333333333,0.5,0.5,8056.0,0.9012820512820512,0.8544858827394228,0.4740391099123398,0.5,0.0987179487179487,780.0,0.3470017910003662,0.2273621559143066,2026-04-21T08:41:41.865134+00:00
NR-ER,klekota_roth,LogisticRegression,smoteenn,f1_weighted,"{'C': 0.001, 'l1_ratio': 1.0}",0.0570175438596491,1596,0.9429824561403508,0.9153102847411982,0.4853273137697517,0.5,0.0570175438596491,0.531258243207597,0.3686319041585186,0.3469422911283376,0.5,0.468741756792403,7582.0,0.9012820512820512,0.8544858827394228,0.4740391099123398,0.5,0.0987179487179487,780.0,0.3036718368530273,0.1895349025726318,2026-04-21T08:41:33.372775+00:00
NR-ER,klekota_roth,LogisticRegression,smoten,f1_weighted,"{'C': 0.001, 'l1_ratio': 1.0}",0.0570175438596491,1596,0.9429824561403508,0.9153102847411982,0.4853273137697517,0.5,0.0570175438596491,0.5,0.3333333333333333,0.3333333333333333,0.5,0.5,8056.0,0.9012820512820512,0.8544858827394228,0.4740391099123398,0.5,0.0987179487179487,780.0,1.0593228340148926,0.2777900695800781,2026-04-21T08:41:35.312488+00:00
NR-ER,klekota_roth,LogisticRegression,smoten_enn,f1_weighted,"{'C': 0.001, 'l1_ratio': 1.0}",0.0570175438596491,1596,0.9429824561403508,0.9153102847411982,0.4853273137697517,0.5,0.0570175438596491,0.5218968644726613,0.3579432266466677,0.3429252511493274,0.5,0.4781031355273387,7718.0,0.9012820512820512,0.8544858827394228,0.4740391099123398,0.5,0.0987179487179487,780.0,0.3388998508453369,0.2859480381011963,2026-04-21T08:41:37.727995+00:00
NR-ER,maccs,DecisionTree,none,f1_weighted,"{'ccp_alpha': 0.001, 'criterion': 'entropy', 'max_depth': 10, 'min_samples_leaf': 50}",0.1636354216214979,1596,0.9486215538847118,0.93083552312469,0.599921740300077,0.5804789894490892,0.1636354216214979,0.7101543813872581,0.7582782410175487,0.6060694736415975,0.830212375021087,0.4381894513390294,4599.0,0.732051282051282,0.7809110285813471,0.5608664147121334,0.6780772570246254,0.2299982448202741,780.0,0.0393941402435302,0.033782958984375,2026-04-22T08:58:30.197933+00:00
NR-ER,maccs,DecisionTree,random_over,f1_weighted,"{'ccp_alpha': 0.0, 'criterion': 'entropy', 'max_depth': 5, 'min_samples_leaf': 10}",0.2061976384260007,1596,0.949874686716792,0.9317107535678576,0.6024312475089677,0.5764484684750466,0.2061976384260007,0.7133813306852036,0.7111819721494289,0.7111819721494289,0.7952325590282125,0.7619710366574162,8056.0,0.7,0.7580726357425387,0.5442286947141316,0.7081524449945503,0.2395479057621251,780.0,0.0469000339508056,0.0378518104553222,2026-04-22T08:58:33.121586+00:00
NR-ER,maccs,LogisticRegression,random_under,f1_weighted,"{'C': 0.01, 'l1_ratio': 1.0}",0.1887965442830328,1596,0.950501253132832,0.9359434341918568,0.6376136373434658,0.5790807199445073,0.1887965442830328,0.6182136602451839,0.6291021827897363,0.6078099006906286,0.689278342294374,0.5185768439061347,1713.0,0.5846153846153846,0.6677765409077051,0.4705837990933391,0.5912600912600913,0.1369168300432777,780.0,0.0097959041595458,0.005836009979248,2026-04-21T08:41:59.823454+00:00
NR-ER,maccs,LogisticRegression,smote,f1_weighted,"{'C': 0.01, 'l1_ratio': 0.0}",0.1616605079932088,1596,0.9348370927318296,0.9194501980909447,0.556832381054093,0.5270672848745939,0.1616605079932088,0.7778053624627607,0.777803390398801,0.7778033903988009,0.8609121391076762,0.862015228354861,8056.0,0.8012820512820513,0.8239248347051563,0.57525145886544,0.6475032790822264,0.2412414309504679,780.0,0.0452070236206054,0.0384831428527832,2026-04-21T08:41:51.382823+00:00
NR-ER,maccs,DecisionTree,smoteenn,f1_weighted,"{'ccp_alpha': 0.0, 'criterion': 'entropy', 'max_depth': 5, 'min_samples_leaf': 10}",0.1187821099205158,1596,0.9461152882205514,0.924737069063344,0.5560931435963777,0.5125333138622175,0.1187821099205158,0.7486454341218448,0.7452873848041603,0.7427765497638734,0.8377465750484108,0.8086099938400823,7567.0,0.8435897435897436,0.8485699114746149,0.588771153480493,0.6400399031977979,0.1931051189030502,780.0,0.0353169441223144,0.0293269157409667,2026-04-22T08:58:38.932498+00:00
NR-ER,maccs,DecisionTree,smoten,f1_weighted,"{'ccp_alpha': 0.0, 'criterion': 'gini', 'max_depth': 5, 'min_samples_leaf': 50}",0.1571994392577258,1596,0.9479949874686716,0.929575071465512,0.5913184321347587,0.5493264210872184,0.1571994392577258,0.7706057596822244,0.7674938473082957,0.7674938473082957,0.8450222511436823,0.8016780003459072,8056.0,0.7064102564102565,0.7611960076125107,0.5310223146419654,0.6388391125233231,0.1972214216751798,780.0,0.0425870418548584,0.0363290309906005,2026-04-22T08:58:41.999185+00:00
NR-ER,maccs,DecisionTree,smoten_enn,f1_weighted,"{'ccp_alpha': 0.01, 'criterion': 'entropy', 'max_depth': 5, 'min_samples_leaf': 10}",0.2540107186784677,1596,0.9511278195488722,0.9342094000454372,0.619437752968366,0.6029462232120039,0.2540107186784677,0.752442996742671,0.7482302295672129,0.7495633394458254,0.8273447942820874,0.7824470148945448,7675.0,0.6935897435897436,0.7514579623331457,0.5177450272791476,0.6020302599249968,0.1654309885977171,780.0,0.0414652824401855,0.0308148860931396,2026-04-22T08:58:42.711476+00:00
NR-ER,map4,BalancedRandomForest,none,f1_weighted,"{'max_depth': 10, 'max_features': 'sqrt', 'min_samples_leaf': 20, 'n_estimators': 100}",0.3042711868894971,1596,0.949248120300752,0.9328540822845428,0.6153038116692011,0.6909057719688949,0.3042711868894971,0.8460534898891063,0.8638646026835684,0.7345095250985776,0.8868581053466367,0.7004886629207798,4599.0,0.7730769230769231,0.8081436112342346,0.5770725924292134,0.7055107055107055,0.3139864742922147,780.0,1.2465031147003174,1.026236057281494,2026-04-21T22:55:55.582806+00:00
NR-ER,map4,BernoulliNB,random_over,f1_weighted,{'alpha': 0.1},0.2518326754224522,1596,0.9404761904761904,0.9311387737385564,0.6377363900271185,0.6693439450914535,0.2518326754224522,0.6333167825223436,0.6302809441894349,0.630280944189435,0.7067464195517179,0.6783451231989751,8056.0,0.6666666666666666,0.7317073170731707,0.500369549150037,0.6309046572204466,0.1414574723092496,780.0,0.1303408145904541,0.1101019382476806,2026-04-21T14:15:33.858741+00:00
NR-ER,map4,BernoulliNB,random_under,f1_weighted,{'alpha': 0.1},0.2642433083601067,1596,0.9442355889724312,0.9320394922748672,0.62949070753179,0.6777919754663941,0.2642433083601067,0.7028604786923526,0.7004054717850613,0.6603537876689677,0.7549188598979883,0.6206668545697366,1713.0,0.708974358974359,0.762305338974462,0.5255309171300329,0.6406125879810091,0.1849207690934209,780.0,0.0246350765228271,0.0120120048522949,2026-04-21T14:15:34.136958+00:00
NR-ER,map4,LogisticRegression,smote,f1_weighted,"{'C': 0.001, 'l1_ratio': 1.0}",0.0570175438596491,1596,0.9429824561403508,0.9153102847411982,0.4853273137697517,0.5,0.0570175438596491,0.5,0.3333333333333333,0.3333333333333333,0.5,0.5,8056.0,0.9012820512820512,0.8544858827394228,0.4740391099123398,0.5,0.0987179487179487,780.0,0.0825350284576416,0.0746300220489502,2026-04-21T08:41:59.463088+00:00
NR-ER,map4,LogisticRegression,smoteenn,f1_weighted,"{'C': 0.001, 'l1_ratio': 1.0}",0.0570175438596491,1596,0.9429824561403508,0.9153102847411982,0.4853273137697517,0.5,0.0570175438596491,0.5119471276054905,0.3466918342291386,0.3386012104909213,0.5,0.4880528723945094,7868.0,0.9012820512820512,0.8544858827394228,0.4740391099123398,0.5,0.0987179487179487,780.0,0.0763552188873291,0.0645089149475097,2026-04-21T08:42:01.063089+00:00
NR-ER,map4,LogisticRegression,smoten,f1_weighted,"{'C': 0.001, 'l1_ratio': 1.0}",0.0570175438596491,1596,0.9429824561403508,0.9153102847411982,0.4853273137697517,0.5,0.0570175438596491,0.5,0.3333333333333333,0.3333333333333333,0.5,0.5,8056.0,0.9012820512820512,0.8544858827394228,0.4740391099123398,0.5,0.0987179487179487,780.0,0.0939130783081054,0.0721099376678466,2026-04-21T08:42:09.791763+00:00
NR-ER,map4,LogisticRegression,smoten_enn,f1_weighted,"{'C': 0.001, 'l1_ratio': 1.0}",0.0570175438596491,1596,0.9429824561403508,0.9153102847411982,0.4853273137697517,0.5,0.0570175438596491,0.5157490396927017,0.3509777212167937,0.3402601790843048,0.5,0.4842509603072983,7810.0,0.9012820512820512,0.8544858827394228,0.4740391099123398,0.5,0.0987179487179487,780.0,0.0824866294860839,0.0778539180755615,2026-04-21T08:42:03.713285+00:00
NR-ER,mhfp,LogisticRegression,none,f1_weighted,"{'C': 0.001, 'l1_ratio': 0.0}",0.2117720101266624,1596,0.9467418546365914,0.9287240010385102,0.589027401202684,0.5676536088496221,0.2117720101266624,0.8743205044574908,0.8869436081575981,0.7727078241490337,0.9378744584754356,0.7187963610165834,4599.0,0.841025641025641,0.849698013932118,0.602929584866001,0.6684339842234578,0.2911256488281946,780.0,0.621453046798706,0.7303130626678467,2026-04-21T08:42:11.883603+00:00
NR-ER,mhfp,BernoulliNB,random_over,f1_weighted,{'alpha': 0.1},0.242181032588922,1596,0.9486215538847118,0.93083552312469,0.599921740300077,0.6226643788105581,0.242181032588922,0.73733862959285,0.736239681370219,0.736239681370219,0.8049455080573029,0.8209318565298667,8056.0,0.7974358974358975,0.8223399350937328,0.5787473167530319,0.656185919343814,0.241944635910399,780.0,0.293508768081665,0.2661702632904053,2026-04-21T14:15:52.154356+00:00
NR-ER,mhfp,LogisticRegression,random_under,f1_weighted,"{'C': 0.001, 'l1_ratio': 0.0}",0.2192432318587558,1596,0.9486215538847118,0.9324069272940476,0.6139696773051737,0.5857544448906575,0.2192432318587558,0.8464681844716871,0.8467647498750887,0.8279493226148309,0.9176652629577262,0.8602903005514297,1713.0,0.808974358974359,0.8280049630153415,0.5745335134482115,0.662466978256452,0.284630084654042,780.0,0.2410540580749511,0.1748340129852295,2026-04-21T08:42:38.985871+00:00
NR-ER,mhfp,KNeighbors,smote,f1_weighted,"{'n_neighbors': 15, 'weights': 'distance'}",0.1009308205531288,1596,0.9360902255639098,0.9185946346517384,0.5437648535940092,0.5538096455039977,0.1009308205531288,0.9977656405163852,0.9977656370735616,0.9977656370735616,0.9999893064832172,0.9999884306713408,8056.0,0.8897435897435897,0.8706695353449497,0.5863752959747435,0.7209085366980104,0.2852623327476909,780.0,76.63875412940979,53.903339862823486,2026-04-23T23:23:23.509415+00:00
NR-ER,mhfp,KNeighbors,smoteenn,f1_weighted,"{'n_neighbors': 15, 'weights': 'distance'}",0.1012704589332632,1596,0.9360902255639098,0.9185946346517384,0.5437648535940092,0.5539228213646818,0.1012704589332632,0.9989933308166604,0.9989933375125064,0.9989931550507014,0.9999975294145372,0.9999969406085624,7947.0,0.8910256410256411,0.8715349367523281,0.5877865443082835,0.713223476381371,0.2869759258180628,780.0,73.3551857471466,54.76754283905029,2026-04-23T23:24:22.460895+00:00
NR-ER,mhfp,LogisticRegression,smoten,f1_weighted,"{'C': 0.1, 'l1_ratio': 1.0}",0.1299767083399688,1596,0.9448621553884712,0.9209307992202728,0.5274547803617571,0.558329378262933,0.1299767083399688,0.9620158887785502,0.9619864990895768,0.9619864990895768,0.9917846055762592,0.9932478683935264,8056.0,0.9025641025641026,0.8845552608311228,0.6283385579937304,0.6556132345606029,0.2997598334369891,780.0,1.3382158279418943,1.467524766921997,2026-04-21T08:42:40.591263+00:00
NR-ER,mhfp,LogisticRegression,smoten_enn,f1_weighted,"{'C': 0.1, 'l1_ratio': 1.0}",0.1206755871038161,1596,0.9442355889724312,0.9194846172583544,0.5172102034226671,0.5610382972509218,0.1206755871038161,0.969940887938624,0.9699213082668364,0.9699082135818828,0.9946267979863616,0.995434239996961,7951.0,0.8987179487179487,0.8781118384845126,0.6036559872902342,0.6767656241340452,0.3009261414007178,780.0,1.374441146850586,1.4256210327148438,2026-04-21T08:42:45.959452+00:00
NR-ER,morgan_2048,EasyEnsemble,none,f1_weighted,"{'n_estimators': 20, 'replacement': False}",0.2401761980606482,1596,0.950501253132832,0.9352409089251196,0.6313236313236313,0.6231718447665292,0.2401761980606482,0.6634050880626223,0.7203695523896486,0.560785959862477,0.7725072913423896,0.4657464336940303,4599.0,0.7448717948717949,0.7886816886816888,0.5582195582195583,0.6820491031017346,0.2764777444181903,780.0,36.711328983306885,24.548745155334473,2026-04-21T22:59:20.617805+00:00
NR-ER,morgan_2048,DecisionTree,random_over,f1_weighted,"{'ccp_alpha': 0.0, 'criterion': 'entropy', 'max_depth': 10, 'min_samples_leaf': 10}",0.1412951599825459,1596,0.9429824561403508,0.9311477142458592,0.6268872589947464,0.5934467525829652,0.1412951599825459,0.6931479642502483,0.6744226317825676,0.6744226317825676,0.7980208858250439,0.7697154174439791,8056.0,0.5448717948717948,0.6324382201978312,0.4561791132714685,0.6408435092645619,0.1756962798165829,780.0,1.5435819625854492,1.4613697528839111,2026-04-22T09:03:06.337225+00:00
NR-ER,morgan_2048,DecisionTree,random_under,f1_weighted,"{'ccp_alpha': 0.0, 'criterion': 'gini', 'max_depth': 5, 'min_samples_leaf': 50}",0.2204306525238521,1596,0.949874686716792,0.9347801321485532,0.6298701298701299,0.6255229820013872,0.2204306525238521,0.6147110332749562,0.6235893371638969,0.611102855586101,0.7260658935532648,0.5594634320637036,1713.0,0.6397435897435897,0.7123828962561908,0.5120648086928066,0.6740038055827529,0.1796483640518112,780.0,0.1354198455810547,0.1352350711822509,2026-04-22T09:03:17.949382+00:00
NR-ER,morgan_2048,LogisticRegression,smote,f1_weighted,"{'C': 0.001, 'l1_ratio': 1.0}",0.0570175438596491,1596,0.9429824561403508,0.9153102847411982,0.4853273137697517,0.5,0.0570175438596491,0.5,0.3333333333333333,0.3333333333333333,0.5,0.5,8056.0,0.9012820512820512,0.8544858827394228,0.4740391099123398,0.5,0.0987179487179487,780.0,0.1348781585693359,0.1098980903625488,2026-04-21T08:43:00.102295+00:00
NR-ER,morgan_2048,LogisticRegression,smoteenn,f1_weighted,"{'C': 0.001, 'l1_ratio': 1.0}",0.0570175438596491,1596,0.9429824561403508,0.9153102847411982,0.4853273137697517,0.5,0.0570175438596491,0.514037774374681,0.3490465534695238,0.3395144976399191,0.5,0.485962225625319,7836.0,0.9012820512820512,0.8544858827394228,0.4740391099123398,0.5,0.0987179487179487,780.0,0.1118769645690918,0.0868878364562988,2026-04-21T08:43:02.141540+00:00
NR-ER,morgan_2048,LogisticRegression,smoten,f1_weighted,"{'C': 0.01, 'l1_ratio': 1.0}",0.1202623987148064,1596,0.9429824561403508,0.9227871265465252,0.5519274376417234,0.5126209338833924,0.1202623987148064,0.8165342601787487,0.8164342904898314,0.8164342904898314,0.9055240119067224,0.90456919782069,8056.0,0.7884615384615384,0.8113993347291333,0.5404736656062212,0.6001736528052317,0.162912582153575,780.0,0.1521379947662353,0.1317551136016845,2026-04-21T08:43:13.855031+00:00
NR-ER,morgan_2048,LogisticRegression,smoten_enn,f1_weighted,"{'C': 0.01, 'l1_ratio': 1.0}",0.117923320079377,1596,0.943609022556391,0.9231745977638396,0.5527351534475887,0.5062100690007667,0.117923320079377,0.8330119552641728,0.8330056634897596,0.8330117786529612,0.9308472391473496,0.9180691153296452,7779.0,0.7974358974358975,0.8160205386011837,0.5390208869471542,0.5934307513254881,0.1577760469174763,780.0,0.1738638877868652,0.1442811489105224,2026-04-21T08:43:15.798245+00:00
NR-ER,morgan_4096,XGBoost,none,f1_weighted,"{'colsample_bytree': 0.8, 'learning_rate': 0.05, 'max_depth': 5, 'min_child_weight': 1, 'n_estimators': 100, 'scale_pos_weight': 8, 'subsample': 0.8}",0.23544720612537579,1596,0.9486215538847118,0.931636086902658,0.6070759475428736,0.6062648315140009,0.23544720612537579,0.8545335942596216,0.8710358814939965,0.7472866255954418,0.9244741711695887,0.713125179273969,4599.0,0.8307692307692308,0.8473687782805429,0.6214705882352941,0.7087251297777614,0.2999214750495849,780.0,3.6046478748321533,3.3392539024353027,2026-04-30T00:58:45.053504+00:00
NR-ER,morgan_4096,XGBoost,random_over,f1_weighted,"{'colsample_bytree': 0.8, 'learning_rate': 0.05, 'max_depth': 7, 'min_child_weight': 1, 'n_estimators': 100, 'scale_pos_weight': 1, 'subsample': 0.8}",0.22932024891545658,1596,0.949874686716792,0.9325224615850636,0.6096797466342215,0.5937972326676646,0.22932024891545658,0.8920059582919563,0.8918808849677111,0.8918808849677111,0.9614635239519985,0.9607569025916729,8056.0,0.8717948717948718,0.8710424717826034,0.6355412679425837,0.7070070754281281,0.3053221657222588,780.0,5.902645111083984,5.826287031173706,2026-04-30T00:59:23.498738+00:00
NR-ER,morgan_4096,XGBoost,random_under,f1_weighted,"{'colsample_bytree': 0.8, 'learning_rate': 0.1, 'max_depth': 7, 'min_child_weight': 5, 'n_estimators': 200, 'scale_pos_weight': 1, 'subsample': 0.8}",0.2537044770805176,1596,0.9479949874686717,0.9347620357338476,0.6377557856855727,0.6423241210616627,0.2537044770805176,0.8762405137186223,0.8727355467123673,0.8534919297837937,0.9414368131615348,0.9071713614927182,1713.0,0.8628205128205129,0.8705926217121481,0.6590560927485078,0.7195507195507198,0.3242992233971473,780.0,2.5925087928771973,2.5005879402160645,2026-04-30T00:59:30.012662+00:00
NR-ER,morgan_4096,LogisticRegression,smote,f1_weighted,"{'C': 0.001, 'l1_ratio': 1.0}",0.0570175438596491,1596,0.9429824561403508,0.9153102847411982,0.4853273137697517,0.5,0.0570175438596491,0.5,0.3333333333333333,0.3333333333333333,0.5,0.5,8056.0,0.9012820512820512,0.8544858827394228,0.4740391099123398,0.5,0.0987179487179487,780.0,0.3391098976135254,0.222754955291748,2026-04-21T08:43:20.783452+00:00
NR-ER,morgan_4096,LogisticRegression,smoteenn,f1_weighted,"{'C': 0.001, 'l1_ratio': 1.0}",0.0570175438596491,1596,0.9429824561403508,0.9153102847411982,0.4853273137697517,0.5,0.0570175438596491,0.5118170266836086,0.3465454670501892,0.338544293158514,0.5,0.4881829733163914,7870.0,0.9012820512820512,0.8544858827394228,0.4740391099123398,0.5,0.0987179487179487,780.0,0.275954008102417,0.2691211700439453,2026-04-21T08:43:22.026433+00:00
NR-ER,morgan_4096,LogisticRegression,smoten,f1_weighted,"{'C': 0.001, 'l1_ratio': 1.0}",0.0570175438596491,1596,0.9429824561403508,0.9153102847411982,0.4853273137697517,0.5,0.0570175438596491,0.5,0.3333333333333333,0.3333333333333333,0.5,0.5,8056.0,0.9012820512820512,0.8544858827394228,0.4740391099123398,0.5,0.0987179487179487,780.0,0.3702321052551269,0.2263350486755371,2026-04-21T08:43:27.634501+00:00
NR-ER,morgan_4096,LogisticRegression,smoten_enn,f1_weighted,"{'C': 0.001, 'l1_ratio': 1.0}",0.0570175438596491,1596,0.9429824561403508,0.9153102847411982,0.4853273137697517,0.5,0.0570175438596491,0.5162117134435473,0.3515004279859029,0.3404614994505959,0.5,0.4837882865564527,7803.0,0.9012820512820512,0.8544858827394228,0.4740391099123398,0.5,0.0987179487179487,780.0,0.2909648418426513,0.2255709171295166,2026-04-21T08:43:40.549106+00:00
NR-ER,pubchem,LogisticRegression,none,f1_weighted,"{'C': 0.01, 'l1_ratio': 1.0}",0.177051520578664,1596,0.949874686716792,0.9347801321485532,0.6298701298701299,0.5601913037128986,0.177051520578664,0.720808871493803,0.7644781032928425,0.5933164997449067,0.7168859141873785,0.3119855883568428,4599.0,0.717948717948718,0.7678357225854978,0.5238570905337462,0.5786333154754207,0.1909755181527641,780.0,0.1032040119171142,0.0678520202636718,2026-04-21T08:43:43.599925+00:00
NR-ER,pubchem,LogisticRegression,random_over,f1_weighted,"{'C': 0.01, 'l1_ratio': 1.0}",0.1981979966431242,1596,0.949874686716792,0.9347801321485532,0.6298701298701299,0.5669124895038516,0.1981979966431242,0.6896722939424031,0.688373914662357,0.6883739146623571,0.7270773527709212,0.7528952784619439,8056.0,0.7371794871794872,0.7823102823102823,0.5448995448995448,0.6031109715320243,0.2216121044780281,780.0,0.1422328948974609,0.127791166305542,2026-04-21T08:43:45.557914+00:00
NR-ER,pubchem,LogisticRegression,random_under,f1_weighted,"{'C': 0.01, 'l1_ratio': 1.0}",0.167591040767895,1596,0.949248120300752,0.933601438264996,0.6219900523697992,0.5565769778394363,0.167591040767895,0.6748394629305312,0.6792397905720183,0.6448207894310714,0.6958066623522808,0.5534118631761998,1713.0,0.6961538461538461,0.7530890310133991,0.5170530990790935,0.5800465537307643,0.1614888503697736,780.0,0.0341989994049072,0.0200898647308349,2026-04-21T08:43:46.182407+00:00
NR-ER,pubchem,RandomForest,smote,f1_weighted,"{'max_depth': 10, 'max_features': 'log2', 'min_samples_leaf': 20, 'n_estimators': 100}",0.1533225504202758,1596,0.9473684210526316,0.9274099011091406,0.5746430611079383,0.4934504034171808,0.1533225504202758,0.7825223435948362,0.7824137166389873,0.7824137166389873,0.8749598145651738,0.8796166579639507,8056.0,0.8,0.8176902990143545,0.5408371194397066,0.6040808409229461,0.2085013901683813,780.0,0.314863920211792,0.2492270469665527,2026-04-21T17:53:20.627278+00:00
NR-ER,pubchem,RandomForest,smoteenn,f1_weighted,"{'max_depth': 10, 'max_features': 'log2', 'min_samples_leaf': 10, 'n_estimators': 100}",0.1487203235669438,1596,0.9473684210526316,0.9264873697828012,0.5664165588615783,0.4983607754371874,0.1487203235669438,0.82365308804205,0.8237815095825045,0.8235967482694635,0.9115129049196108,0.9022080628531768,7610.0,0.8115384615384615,0.8229933404634757,0.5361631721811172,0.6135578503999556,0.2156814913917581,780.0,0.3695840835571289,0.2919068336486816,2026-04-21T17:53:29.237062+00:00
NR-ER,pubchem,DecisionTree,smoten,f1_weighted,"{'ccp_alpha': 0.0, 'criterion': 'entropy', 'max_depth': 5, 'min_samples_leaf': 50}",0.1597524289046324,1596,0.9486215538847118,0.93083552312469,0.599921740300077,0.5424007885801906,0.1597524289046324,0.7554617676266137,0.7531115561685552,0.7531115561685553,0.8362638910940201,0.7931675815374006,8056.0,0.7448717948717949,0.7895764634527195,0.5656954831994494,0.6790563632668897,0.2203879373219748,780.0,0.2137289047241211,0.1797380447387695,2026-04-22T09:10:08.747245+00:00
NR-ER,pubchem,RandomForest,smoten_enn,f1_weighted,"{'max_depth': 5, 'max_features': 'sqrt', 'min_samples_leaf': 5, 'n_estimators': 100}",0.160367706678011,1596,0.9467418546365914,0.9269986428290252,0.5736201428809399,0.536314847942755,0.160367706678011,0.8394709543568465,0.8393793909039357,0.8394536782336557,0.9126244545510418,0.9021393400023996,7712.0,0.8192307692307692,0.8316504893489786,0.5635558412800457,0.6492490439858861,0.2103090827580494,780.0,0.5606539249420166,0.407390832901001,2026-04-21T17:53:54.052687+00:00
NR-ER,rdkit,EasyEnsemble,none,f1_weighted,"{'n_estimators': 30, 'replacement': True}",0.1891697740440167,1596,0.9473684210526316,0.9315191387559808,0.6113636363636363,0.576605454346318,0.1891697740440167,0.7249402043922591,0.7697382167062234,0.6159480195171723,0.8388508983525131,0.5310756616393577,4599.0,0.7294871794871794,0.7788144834003073,0.5566641794462208,0.6678428257375626,0.2483967273896976,780.0,58.66673398017883,40.213215827941895,2026-04-21T23:06:28.096789+00:00
NR-ER,rdkit,XGBoost,random_over,f1_weighted,"{'colsample_bytree': 0.8, 'learning_rate': 0.05, 'max_depth': 3, 'min_child_weight': 10, 'n_estimators': 100, 'scale_pos_weight': 1, 'subsample': 0.8}",0.17786490840862,1596,0.9454887218045113,0.9252809638367671,0.5635876756546091,0.5828702858603192,0.17786490840862,0.8280784508440914,0.8280782362701584,0.8280782362701584,0.909838060093743,0.909367612585484,8056.0,0.8243589743589743,0.8407573523464492,0.602027477459024,0.6510502299975984,0.25310848410583925,780.0,2.340715169906616,2.433539867401123,2026-04-30T01:08:21.404129+00:00
NR-ER,rdkit,RandomForest,random_under,f1_weighted,"{'max_depth': 5, 'max_features': 'log2', 'min_samples_leaf': 5, 'n_estimators': 100}",0.168687746082852,1596,0.9461152882205514,0.924737069063344,0.5560931435963777,0.5240407433098463,0.168687746082852,0.8038528896672504,0.8043547245343813,0.780475748773403,0.8722016556199987,0.7703692450257226,1713.0,0.8294871794871795,0.8398511175621923,0.580338108163868,0.6060667639615007,0.208079013558509,780.0,0.207916259765625,0.1860508918762207,2026-04-21T17:54:49.979336+00:00
NR-ER,rdkit,LogisticRegression,smote,f1_weighted,"{'C': 0.001, 'l1_ratio': 1.0}",0.0570175438596491,1596,0.9429824561403508,0.9153102847411982,0.4853273137697517,0.5,0.0570175438596491,0.5,0.3333333333333333,0.3333333333333333,0.5,0.5,8056.0,0.9012820512820512,0.8544858827394228,0.4740391099123398,0.5,0.0987179487179487,780.0,0.207543134689331,0.1706609725952148,2026-04-21T08:44:14.757526+00:00
NR-ER,rdkit,LogisticRegression,smoteenn,f1_weighted,"{'C': 0.001, 'l1_ratio': 1.0}",0.0570175438596491,1596,0.9429824561403508,0.9153102847411982,0.4853273137697517,0.5,0.0570175438596491,0.5495974894255696,0.3898527229737069,0.3546711279387162,0.5,0.4504025105744303,7329.0,0.9012820512820512,0.8544858827394228,0.4740391099123398,0.5,0.0987179487179487,780.0,0.1899058818817138,0.1533048152923584,2026-04-21T08:44:15.792014+00:00
NR-ER,rdkit,LogisticRegression,smoten,f1_weighted,"{'C': 0.001, 'l1_ratio': 0.0}",0.1011028759198468,1596,0.9360902255639098,0.91773537156732,0.5360623781676412,0.438848526888394,0.1011028759198468,0.8607249255213505,0.8605516204637936,0.8605516204637937,0.9336132610455709,0.936383435085416,8056.0,0.8333333333333334,0.8394396551724138,0.5663998357963875,0.5765642607747871,0.2125045197064324,780.0,0.5318968296051025,0.4477660655975342,2026-04-21T08:44:18.218210+00:00
NR-ER,rdkit,LogisticRegression,smoten_enn,f1_weighted,"{'C': 0.001, 'l1_ratio': 0.0}",0.0872316266664837,1596,0.9348370927318296,0.9161223396372672,0.5269655620532814,0.4229966047241795,0.0872316266664837,0.8829027651564325,0.8828888167039579,0.8829020527354728,0.9554630511588946,0.9484577627100818,7703.0,0.8371794871794872,0.8385610196484075,0.5502812444670429,0.5609539820066136,0.2024392153590903,780.0,0.4621472358703613,0.3883588314056396,2026-04-21T08:44:19.179885+00:00
NR-ER,topological_torsion,RUSBoost,none,f1_weighted,"{'learning_rate': 0.08, 'n_estimators': 50, 'sampling_strategy': 'auto'}",0.2402977904026698,1596,0.9486215538847118,0.9358672560307016,0.6449869791666667,0.6377350224526304,0.2402977904026698,0.6908023483365949,0.7420707291410951,0.5788711044254808,0.7689520554020282,0.3597480719786112,4599.0,0.7051282051282052,0.7620438258564268,0.5499653819524579,0.7012155696366222,0.192196353944403,780.0,0.9467878341674804,0.862642765045166,2026-04-29T18:46:33.932030+00:00
NR-ER,topological_torsion,XGBoost,random_over,f1_weighted,"{'colsample_bytree': 0.8, 'learning_rate': 0.05, 'max_depth': 3, 'min_child_weight': 5, 'n_estimators': 200, 'scale_pos_weight': 1, 'subsample': 0.8}",0.24181114294579797,1596,0.9479949874686717,0.9340987971283222,0.6318032103397957,0.6507611989339563,0.24181114294579797,0.8062313803376365,0.8062308757549254,0.8062308757549252,0.8895778211901004,0.8916293449006863,8056.0,0.8076923076923077,0.8339703774486382,0.6175220660346519,0.695710406236722,0.3048744057272471,780.0,3.201197624206543,3.245511054992676,2026-04-30T01:11:49.290154+00:00
NR-ER,topological_torsion,RandomForest,random_under,f1_weighted,"{'max_depth': 15, 'max_features': 'sqrt', 'min_samples_leaf': 20, 'n_estimators': 100}",0.2802401466041964,1596,0.949874686716792,0.9340555388234612,0.6233850510294379,0.6618816399547296,0.2802401466041964,0.7454757734967893,0.7488810968676671,0.721874990690289,0.805101198928969,0.7259125721568522,1713.0,0.7858974358974359,0.8182512291257539,0.5956855746100722,0.7198740093476934,0.3018434367555432,780.0,0.2789669036865234,0.2208499908447265,2026-04-21T17:56:20.179594+00:00
NR-ER,topological_torsion,DecisionTree,smote,f1_weighted,"{'ccp_alpha': 0.01, 'criterion': 'gini', 'max_depth': 5, 'min_samples_leaf': 10}",0.0999340736844042,1596,0.93796992481203,0.9229503037366068,0.57479056274237,0.5382132817348765,0.0999340736844042,0.6649702085402185,0.663541276796304,0.663541276796304,0.695338655972246,0.65175403641678,8056.0,0.7576923076923077,0.7980551523947751,0.5704232534421214,0.6178345125713546,0.1759810580018864,780.0,0.7880089282989502,0.9122378826141356,2026-04-22T09:12:38.979579+00:00
NR-ER,topological_torsion,LogisticRegression,smoteenn,f1_weighted,"{'C': 0.001, 'l1_ratio': 1.0}",0.0570175438596491,1596,0.9429824561403508,0.9153102847411982,0.4853273137697517,0.5,0.0570175438596491,0.5170068027210885,0.3523992556663921,0.3408071748878923,0.5,0.4829931972789115,7791.0,0.9012820512820512,0.8544858827394228,0.4740391099123398,0.5,0.0987179487179487,780.0,0.1069872379302978,0.1171460151672363,2026-04-21T08:44:34.606637+00:00
NR-ER,topological_torsion,LogisticRegression,smoten,f1_weighted,"{'C': 0.001, 'l1_ratio': 1.0}",0.0570175438596491,1596,0.9429824561403508,0.9153102847411982,0.4853273137697517,0.5,0.0570175438596491,0.5,0.3333333333333333,0.3333333333333333,0.5,0.5,8056.0,0.9012820512820512,0.8544858827394228,0.4740391099123398,0.5,0.0987179487179487,780.0,0.1355040073394775,0.1027841567993164,2026-04-21T08:44:36.284508+00:00
NR-ER,topological_torsion,LogisticRegression,smoten_enn,f1_weighted,"{'C': 0.001, 'l1_ratio': 1.0}",0.0570175438596491,1596,0.9429824561403508,0.9153102847411982,0.4853273137697517,0.5,0.0570175438596491,0.5190052828243783,0.3546616810953594,0.3416744422766986,0.5,0.4809947171756217,7761.0,0.9012820512820512,0.8544858827394228,0.4740391099123398,0.5,0.0987179487179487,780.0,0.1115100383758544,0.1005759239196777,2026-04-21T08:44:37.064112+00:00
NR-ER-LBD,atom_pair,RandomForest,none,f1_weighted,"{'max_depth': 5, 'max_features': 'sqrt', 'min_samples_leaf': 5, 'n_estimators': 200}",0.1582917315463808,1718,0.979627473806752,0.9718099616258444,0.6059503915593565,0.6019442789034565,0.1582917315463808,0.9505965697240863,0.9547466150531576,0.7801560124266773,0.9499311623829816,0.6665999012035072,5364.0,0.9345372460496614,0.941742845703445,0.6110858838131565,0.8095015576323987,0.2266195491425027,886.0,0.778778076171875,0.4955611228942871,2026-04-21T17:57:47.858740+00:00
NR-ER-LBD,atom_pair,RandomForest,random_over,f1_weighted,"{'max_depth': 5, 'max_features': 'sqrt', 'min_samples_leaf': 5, 'n_estimators': 100}",0.1797305630580088,1718,0.979627473806752,0.9718099616258444,0.6059503915593565,0.6414034564958284,0.1797305630580088,0.8652225053910998,0.8643353412376588,0.8643353412376588,0.9525172576491628,0.9533137316980472,10202.0,0.91196388261851,0.9294257596180392,0.6016187050359711,0.8006230529595015,0.2300531315583256,886.0,0.9977788925170898,0.8999769687652588,2026-04-21T17:57:51.885503+00:00
NR-ER-LBD,atom_pair,XGBoost,random_under,f1_weighted,"{'colsample_bytree': 0.8, 'learning_rate': 0.1, 'max_depth': 3, 'min_child_weight': 5, 'n_estimators': 100, 'scale_pos_weight': 1, 'subsample': 0.8}",0.23019094372863497,1718,0.9778812572759022,0.9726413965469047,0.6425301706200582,0.6112410607866507,0.23019094372863497,0.9378960709759189,0.9370673694393942,0.9283494292751544,0.9814946001821625,0.969106691047672,789.0,0.9255079006772009,0.937258933388447,0.613713832738803,0.7431464174454829,0.2534775153756367,886.0,0.27272510528564453,0.25739002227783203,2026-04-30T01:15:45.869132+00:00
NR-ER-LBD,atom_pair,LogisticRegression,smote,f1_weighted,"{'C': 0.001, 'l1_ratio': 1.0}",0.0232828870779976,1718,0.9767171129220024,0.9652127888593168,0.4941107184923439,0.5,0.0232828870779976,0.5,0.3333333333333333,0.3333333333333333,0.5,0.5,10202.0,0.9661399548532732,0.9495014940923098,0.4913892078071182,0.5,0.0338600451467268,886.0,0.1662228107452392,0.1713273525238037,2026-04-21T08:45:05.853652+00:00
NR-ER-LBD,atom_pair,RandomForest,smoteenn,f1_weighted,"{'max_depth': 15, 'max_features': 'log2', 'min_samples_leaf': 20, 'n_estimators': 100}",0.1635962096655351,1718,0.9749708963911524,0.9686954383421076,0.5879843167000374,0.4963721692491061,0.1635962096655351,0.921342784012601,0.9213423228115796,0.9213404780074932,0.974107718567825,0.9754477091749624,10158.0,0.9221218961625284,0.933582480316734,0.5829734984139978,0.6707554517133957,0.2384108308350909,886.0,0.5288121700286865,0.517462968826294,2026-04-21T17:58:37.262307+00:00
NR-ER-LBD,atom_pair,XGBoost,smoten,f1_weighted,"{'colsample_bytree': 0.8, 'learning_rate': 0.1, 'max_depth': 5, 'min_child_weight': 5, 'n_estimators': 100, 'scale_pos_weight': 1, 'subsample': 0.8}",0.17077275441316173,1718,0.9796274738067521,0.9718099616258443,0.6059503915593565,0.5889973182359953,0.17077275441316173,0.9827484806900608,0.9827484747230151,0.9827484747230151,0.9981571625830253,0.9983203977347799,10202.0,0.9424379232505643,0.9445675462964517,0.5927538191158578,0.6655763239875389,0.1635384870149568,886.0,3.188707113265991,3.1074411869049072,2026-04-30T01:16:20.720302+00:00
NR-ER-LBD,atom_pair,XGBoost,smoten_enn,f1_weighted,"{'colsample_bytree': 0.8, 'learning_rate': 0.1, 'max_depth': 3, 'min_child_weight': 10, 'n_estimators': 200, 'scale_pos_weight': 1, 'subsample': 0.8}",0.18412318698545854,1718,0.9796274738067521,0.9725746043111105,0.6224958093456301,0.5411129320619785,0.18412318698545854,0.988019801980198,0.9880200280562932,0.9880197285788683,0.9991228200550911,0.9991280494802901,10100.0,0.945823927765237,0.9474534919988792,0.6109484777517564,0.6673286604361369,0.14833114992979024,886.0,4.541021347045898,4.493833780288696,2026-04-30T01:18:41.568458+00:00
NR-ER-LBD,avalon,BernoulliNB,none,f1_weighted,{'alpha': 50.0},0.2539367387815854,1718,0.981373690337602,0.9758683121007063,0.6752746603662139,0.7286352800953515,0.2539367387815854,0.7716256524981358,0.8325968773811109,0.5037465028171934,0.6495170185820569,0.0899746038411469,5364.0,0.7595936794582393,0.8353311200940743,0.4737176752085267,0.6083722741433022,0.0466198353525056,886.0,0.0122148990631103,0.0039558410644531,2026-04-21T14:18:33.820798+00:00
NR-ER-LBD,avalon,XGBoost,random_over,f1_weighted,"{'colsample_bytree': 0.8, 'learning_rate': 0.1, 'max_depth': 7, 'min_child_weight': 1, 'n_estimators': 100, 'scale_pos_weight': 1, 'subsample': 0.8}",0.2653983815495439,1718,0.9796274738067521,0.9739225528245631,0.651692878037478,0.740628724672229,0.2653983815495439,0.9966673201333072,0.996667283117637,0.9966672831176371,0.9997451211080192,0.9996975079513724,10202.0,0.9548532731376975,0.9524239576061082,0.6179881860906308,0.7384345794392523,0.21816562863702907,886.0,1.1570069789886475,1.2230579853057861,2026-04-30T01:19:13.646072+00:00
NR-ER-LBD,avalon,BernoulliNB,random_under,f1_weighted,{'alpha': 50.0},0.2569567680256281,1718,0.980791618160652,0.9754126926631594,0.671596142149622,0.5832240762812873,0.2569567680256281,0.7084917617237009,0.6921127476683031,0.6395800562467229,0.7790411889719383,0.6413669862569358,789.0,0.8747178329571106,0.9052133648271634,0.5292535241605438,0.6443146417445483,0.1040613846152976,886.0,0.0129170417785644,0.0025417804718017,2026-04-21T14:18:36.210904+00:00
NR-ER-LBD,avalon,LogisticRegression,smote,f1_weighted,"{'C': 0.001, 'l1_ratio': 1.0}",0.0195562896402252,1718,0.9767171129220024,0.9652127888593168,0.4941107184923439,0.3967371871275328,0.0195562896402252,0.5,0.3333333333333333,0.3333333333333333,0.7217212311311507,0.6528791665725009,10202.0,0.9661399548532732,0.9495014940923098,0.4913892078071182,0.5008177570093457,0.0339137607990842,886.0,0.0823609828948974,0.0622808933258056,2026-04-21T08:45:13.136281+00:00
NR-ER-LBD,avalon,LogisticRegression,smoteenn,f1_weighted,"{'C': 0.001, 'l1_ratio': 0.0}",0.1540001251095163,1718,0.970314318975553,0.9657746988386124,0.5744116575591985,0.5235101311084625,0.1540001251095163,0.8650391981740597,0.8650422101424756,0.8650250966855672,0.9449937626504102,0.9469546466904182,10077.0,0.8792325056433409,0.909346993341629,0.5590009815277409,0.6759345794392523,0.1854968707516795,886.0,0.1348798274993896,0.1277840137481689,2026-04-21T08:45:15.420950+00:00
NR-ER-LBD,avalon,LogisticRegression,smoten,f1_weighted,"{'C': 0.001, 'l1_ratio': 0.0}",0.1712576107482861,1718,0.979627473806752,0.9725746043111104,0.6224958093456301,0.5134237187127533,0.1712576107482861,0.8865908645363654,0.8865551560638195,0.8865551560638195,0.9600549588375586,0.9629082633952668,10202.0,0.8882618510158014,0.9143630404894868,0.5609272617146633,0.6677959501557633,0.1826545360039479,886.0,0.149644136428833,0.1399970054626464,2026-04-21T08:45:17.018229+00:00
NR-ER-LBD,avalon,LogisticRegression,smoten_enn,f1_weighted,"{'C': 0.001, 'l1_ratio': 0.0}",0.1680942022981709,1718,0.979045401629802,0.9714063929844962,0.6033859176606388,0.5070768772348033,0.1680942022981709,0.896435309303942,0.8964117196634755,0.8964250973383721,0.96662012853439,0.9668923387072056,10071.0,0.8939051918735892,0.9177204099229544,0.5664459436948193,0.6612538940809968,0.1767659851687065,886.0,0.1402981281280517,0.1175990104675293,2026-04-21T08:45:18.495495+00:00
NR-ER-LBD,erg,XGBoost,none,f1_weighted,"{'colsample_bytree': 0.8, 'learning_rate': 0.05, 'max_depth': 7, 'min_child_weight': 10, 'n_estimators': 200, 'scale_pos_weight': 8, 'subsample': 0.8}",0.16859733769056687,1718,0.9796274738067521,0.9718099616258443,0.6059503915593565,0.5712827771156137,0.16859733769056687,0.982475764354959,0.983140723563286,0.9132043616092453,0.9917081791909885,0.8884115884663598,5364.0,0.9492099322799097,0.9503746408461453,0.629691548942573,0.7007982866043614,0.2272217975209048,886.0,0.878028154373169,0.8572890758514404,2026-04-30T01:20:28.942909+00:00
NR-ER-LBD,erg,DecisionTree,random_over,f1_weighted,"{'ccp_alpha': 0.0, 'criterion': 'gini', 'max_depth': 5, 'min_samples_leaf': 50}",0.19505934487459,1718,0.980209545983702,0.9737061893903888,0.6408156237701692,0.5899508343265791,0.19505934487459,0.8045481278180748,0.8036394655215763,0.8036394655215764,0.8596931476432484,0.8443895632897006,10202.0,0.8115124153498872,0.8688548005819494,0.5231262589638224,0.6425623052959502,0.1062898871345722,886.0,0.1381008625030517,0.1079239845275878,2026-04-22T09:17:31.847135+00:00
NR-ER-LBD,erg,XGBoost,random_under,f1_weighted,"{'colsample_bytree': 0.8, 'learning_rate': 0.05, 'max_depth': 7, 'min_child_weight': 1, 'n_estimators': 100, 'scale_pos_weight': 1, 'subsample': 0.8}",0.18730226899043784,1718,0.9784633294528522,0.9717492679003442,0.6169869187710514,0.6290449940405245,0.18730226899043784,0.9632446134347274,0.9627541574233149,0.9575945601832547,0.9881522069135017,0.9792318348232758,789.0,0.9221218961625283,0.9361147903636504,0.6237328819818433,0.7205023364485981,0.22098348188093583,886.0,0.15523290634155273,0.15378093719482422,2026-04-30T01:21:01.569625+00:00
NR-ER-LBD,erg,DecisionTree,smote,f1_weighted,"{'ccp_alpha': 0.0, 'criterion': 'entropy', 'max_depth': 15, 'min_samples_leaf': 10}",0.1175917466381525,1718,0.9784633294528522,0.971007438843174,0.6009241413082376,0.5099597735399285,0.1175917466381525,0.967163301313468,0.9671632858543348,0.9671632858543348,0.9962201675536634,0.9959407876456208,10202.0,0.9221218961625284,0.933582480316734,0.5829734984139978,0.6358839563862928,0.1275070308602924,886.0,0.3130650520324707,0.3004209995269775,2026-04-22T09:17:36.732416+00:00
NR-ER-LBD,erg,RandomForest,smoteenn,f1_weighted,"{'max_depth': 15, 'max_features': 'sqrt', 'min_samples_leaf': 5, 'n_estimators': 200}",0.1485090288060258,1718,0.979045401629802,0.9705842636836882,0.585602487135506,0.6520113230035756,0.1485090288060258,0.9857546979187716,0.9857520619861118,0.9857363497600612,0.9983355808253844,0.9978501295626682,9898.0,0.9571106094808126,0.9548027597258028,0.6370887767860993,0.7474104361370716,0.2549377091524272,886.0,1.5824108123779297,1.068011999130249,2026-04-21T18:01:29.843358+00:00
NR-ER-LBD,erg,LogisticRegression,smoten,f1_weighted,"{'C': 0.001, 'l1_ratio': 1.0}",0.0232828870779976,1718,0.9767171129220024,0.9652127888593168,0.4941107184923439,0.5,0.0232828870779976,0.5,0.3333333333333333,0.3333333333333333,0.5,0.5,10202.0,0.9661399548532732,0.9495014940923098,0.4913892078071182,0.5,0.0338600451467268,886.0,0.0333528518676757,0.023270845413208,2026-04-21T08:45:22.668276+00:00
NR-ER-LBD,erg,XGBoost,smoten_enn,f1_weighted,"{'colsample_bytree': 0.8, 'learning_rate': 0.1, 'max_depth': 5, 'min_child_weight': 1, 'n_estimators': 100, 'scale_pos_weight': 1, 'subsample': 0.8}",0.11292402433027583,1718,0.9772991850989523,0.9694402733752373,0.5793524732708449,0.5152562574493444,0.11292402433027583,0.9928139614463328,0.9928162757770224,0.9926209190394093,0.999324341161778,0.998644679546678,8767.0,0.9582392776523702,0.951460515348885,0.5781766711703017,0.6452686915887851,0.18850620936782822,886.0,0.5983548164367676,0.5734620094299316,2026-04-30T01:21:36.949120+00:00
NR-ER-LBD,estate,XGBoost,none,f1_weighted,"{'colsample_bytree': 0.8, 'learning_rate': 0.05, 'max_depth': 7, 'min_child_weight': 10, 'n_estimators': 200, 'scale_pos_weight': 8, 'subsample': 0.8}",0.18845666648306733,1718,0.9790454016298021,0.9734904705924944,0.6485270049099836,0.6090807508939213,0.18845666648306733,0.9673750932140194,0.9704154657996585,0.8581305606903316,0.9890355503245094,0.8225023612007049,5364.0,0.9288939051918735,0.9376698397527031,0.5924830803600762,0.7050623052959502,0.1796557730686052,886.0,0.21667909622192383,0.21417021751403809,2026-04-30T01:21:54.111068+00:00
NR-ER-LBD,estate,XGBoost,random_over,f1_weighted,"{'colsample_bytree': 0.8, 'learning_rate': 0.1, 'max_depth': 7, 'min_child_weight': 1, 'n_estimators': 200, 'scale_pos_weight': 1, 'subsample': 0.8}",0.17898189118853478,1718,0.9772991850989523,0.9709422731473704,0.6118863498131897,0.6146826579261025,0.17898189118853478,0.988727700450892,0.9887268035195034,0.9887268035195034,0.998798702592651,0.9985693397525109,10202.0,0.9379232505643341,0.9418077028829233,0.5853013011990775,0.6728971962616823,0.22326554557707945,886.0,0.36101317405700684,0.3346371650695801,2026-04-30T01:22:08.140839+00:00
NR-ER-LBD,estate,XGBoost,random_under,f1_weighted,"{'colsample_bytree': 0.8, 'learning_rate': 0.05, 'max_depth': 3, 'min_child_weight': 5, 'n_estimators': 100, 'scale_pos_weight': 1, 'subsample': 0.8}",0.12061476304416548,1718,0.9755529685681025,0.9683271596321772,0.5737979917306556,0.5303784266984506,0.12061476304416548,0.8200253485424588,0.8118256872126841,0.7810183882165307,0.8881471468432389,0.8157983997613809,789.0,0.9063205417607223,0.9246682162559916,0.5722221899050067,0.6389992211838006,0.17574679619157324,886.0,0.02744603157043457,0.016517162322998047,2026-04-30T01:22:10.714631+00:00
NR-ER-LBD,estate,RandomForest,smote,f1_weighted,"{'max_depth': 15, 'max_features': 'sqrt', 'min_samples_leaf': 5, 'n_estimators': 100}",0.1729981740713421,1718,0.979045401629802,0.9721594946486468,0.6196871310507674,0.6404797377830751,0.1729981740713421,0.9709860811605568,0.970984939300732,0.970984939300732,0.9953642172095442,0.995168652993711,10202.0,0.9367945823927766,0.9411235752387976,0.5835487661574618,0.6612928348909658,0.2030381036307291,886.0,0.4483020305633545,0.349877119064331,2026-04-21T18:02:08.450728+00:00
NR-ER-LBD,estate,RandomForest,smoteenn,f1_weighted,"{'max_depth': 15, 'max_features': 'sqrt', 'min_samples_leaf': 5, 'n_estimators': 100}",0.1747240374524285,1718,0.979627473806752,0.9718099616258444,0.6059503915593565,0.6650476758045292,0.1747240374524285,0.976514091545073,0.9765154719130996,0.9765081596932824,0.9965531932836418,0.9961370116070964,10006.0,0.9401805869074492,0.9431826851720756,0.5889350899461636,0.7008566978193147,0.1993176157261193,886.0,0.4891729354858398,0.2981219291687011,2026-04-21T18:02:17.086311+00:00
NR-ER-LBD,estate,LogisticRegression,smoten,f1_weighted,"{'C': 0.01, 'l1_ratio': 1.0}",0.0330652436134793,1718,0.9743888242142026,0.9659727156816796,0.5351731601731602,0.4815703218116806,0.0330652436134793,0.5347970986081161,0.4085111317254173,0.4085111317254174,0.6330538146111939,0.5903783561190553,10202.0,0.9593679458239278,0.9461047944991732,0.4896313364055299,0.5389408099688473,0.0371416635949267,886.0,0.0127220153808593,0.0070858001708984,2026-04-21T08:45:26.417636+00:00
NR-ER-LBD,estate,LogisticRegression,smoten_enn,f1_weighted,"{'C': 0.01, 'l1_ratio': 1.0}",0.0330652436134793,1718,0.9743888242142026,0.9659727156816796,0.5351731601731602,0.4815703218116806,0.0330652436134793,0.567283693843594,0.4473424239798273,0.4303200010832016,0.6368530001825798,0.5665775770481192,9616.0,0.9593679458239278,0.9461047944991732,0.4896313364055299,0.5389408099688473,0.0371416635949267,886.0,0.0131459236145019,0.0063598155975341,2026-04-21T08:45:26.916583+00:00
NR-ER-LBD,fcfp,RandomForest,none,f1_weighted,"{'max_depth': 10, 'max_features': 'sqrt', 'min_samples_leaf': 20, 'n_estimators': 200}",0.1854415582640547,1718,0.980209545983702,0.9729949267075798,0.6254200333461588,0.621208283671037,0.1854415582640547,0.8847874720357942,0.9081092338187428,0.6444861415152252,0.8839491697370903,0.5416986484034966,5364.0,0.881489841986456,0.9106959222023656,0.5610695126611842,0.7149922118380062,0.223742378470968,886.0,0.6440119743347168,0.7275938987731934,2026-04-21T18:02:28.026865+00:00
NR-ER-LBD,fcfp,RandomForest,random_over,f1_weighted,"{'max_depth': 10, 'max_features': 'sqrt', 'min_samples_leaf': 5, 'n_estimators': 100}",0.1968173631116185,1718,0.980209545983702,0.9729949267075798,0.6254200333461588,0.6099746722288439,0.1968173631116185,0.8263085669476573,0.8242955032611082,0.8242955032611081,0.954708651174524,0.9532998925929452,10202.0,0.9085778781038376,0.9264834399606664,0.5825300889434404,0.7062694704049844,0.2520236700654932,886.0,1.7925519943237305,2.2257449626922607,2026-04-21T18:02:39.437964+00:00
NR-ER-LBD,fcfp,XGBoost,random_under,f1_weighted,"{'colsample_bytree': 0.8, 'learning_rate': 0.05, 'max_depth': 3, 'min_child_weight': 1, 'n_estimators': 100, 'scale_pos_weight': 1, 'subsample': 0.8}",0.19775470341278628,1718,0.980209545983702,0.9729949267075798,0.6254200333461588,0.6315256257449344,0.19775470341278628,0.8390367553865653,0.830434550406779,0.8017968300310351,0.9099090633087078,0.8649681344171319,789.0,0.9108352144469526,0.9278391346881364,0.5852723512925799,0.7539135514018691,0.23367717647656117,886.0,0.24657011032104492,0.22928833961486816,2026-04-30T01:22:25.091818+00:00
NR-ER-LBD,fcfp,LogisticRegression,smote,f1_weighted,"{'C': 0.001, 'l1_ratio': 1.0}",0.0232828870779976,1718,0.9767171129220024,0.9652127888593168,0.4941107184923439,0.5,0.0232828870779976,0.5,0.3333333333333333,0.3333333333333333,0.5,0.5,10202.0,0.9661399548532732,0.9495014940923098,0.4913892078071182,0.5,0.0338600451467268,886.0,0.2084441184997558,0.1482491493225097,2026-04-21T08:45:28.343098+00:00
NR-ER-LBD,fcfp,LogisticRegression,smoteenn,f1_weighted,"{'C': 0.001, 'l1_ratio': 1.0}",0.0232828870779976,1718,0.9767171129220024,0.9652127888593168,0.4941107184923439,0.5,0.0232828870779976,0.5045499505440159,0.338401064719614,0.3353494181842087,0.5,0.4954500494559842,10110.0,0.9661399548532732,0.9495014940923098,0.4913892078071182,0.5,0.0338600451467268,886.0,0.1742599010467529,0.1446728706359863,2026-04-21T08:45:28.639025+00:00
NR-ER-LBD,fcfp,LogisticRegression,smoten,f1_weighted,"{'C': 0.01, 'l1_ratio': 1.0}",0.1503843322722403,1718,0.979627473806752,0.9718099616258444,0.6059503915593565,0.5332613230035756,0.1503843322722403,0.8959027641638895,0.8958276221094285,0.8958276221094285,0.9539221660893396,0.94757139716224,10202.0,0.8803611738148984,0.9103637264568828,0.5661677753141168,0.6542056074766356,0.1762179663498245,886.0,0.1712648868560791,0.1622529029846191,2026-04-21T08:45:29.042894+00:00
NR-ER-LBD,fcfp,LogisticRegression,smoten_enn,f1_weighted,"{'C': 0.01, 'l1_ratio': 1.0}",0.1501308748660413,1718,0.979627473806752,0.9718099616258444,0.6059503915593565,0.5289556019070322,0.1501308748660413,0.902095124615232,0.9020506038609029,0.902070714960272,0.9628940078423884,0.952775740168012,10071.0,0.8860045146726863,0.9137527013292206,0.5716631165785128,0.646923676012461,0.1755508919620136,886.0,0.1831111907958984,0.1665139198303222,2026-04-21T08:45:30.918213+00:00
NR-ER-LBD,klekota_roth,XGBoost,none,f1_weighted,"{'colsample_bytree': 0.8, 'learning_rate': 0.05, 'max_depth': 5, 'min_child_weight': 5, 'n_estimators': 200, 'scale_pos_weight': 4, 'subsample': 0.8}",0.23393029857237366,1718,0.980791618160652,0.9741417697790471,0.6440674773830226,0.6081868295589987,0.23393029857237366,0.9712900820283371,0.9702859084917766,0.8353361426617922,0.9748718472408676,0.7726358511770048,5364.0,0.9525959367945824,0.9500451554864136,0.5988875953951623,0.7206970404984424,0.16954229451226308,886.0,8.152703046798706,8.197237968444824,2026-04-30T01:25:14.015884+00:00
NR-ER-LBD,klekota_roth,DecisionTree,random_over,f1_weighted,"{'ccp_alpha': 0.0, 'criterion': 'entropy', 'max_depth': 5, 'min_samples_leaf': 10}",0.0472580622288299,1718,0.9761350407450524,0.9678731079073007,0.5577808052334524,0.4815628724672229,0.0472580622288299,0.7718094491276221,0.762727091702483,0.762727091702483,0.836856928968381,0.8204737556468671,10202.0,0.9492099322799096,0.9496114020930674,0.617997336424869,0.6779984423676013,0.1208278687790117,886.0,1.191860914230347,1.3002099990844729,2026-04-22T09:19:47.431021+00:00
NR-ER-LBD,klekota_roth,XGBoost,random_under,f1_weighted,"{'colsample_bytree': 0.8, 'learning_rate': 0.05, 'max_depth': 3, 'min_child_weight': 1, 'n_estimators': 100, 'scale_pos_weight': 1, 'subsample': 0.8}",0.19963722782661522,1718,0.9790454016298021,0.9721594946486469,0.6196871310507674,0.5654648390941597,0.19963722782661522,0.8453738910012675,0.8352024319766256,0.8061253262866166,0.9132523240179851,0.8708371365735422,789.0,0.9334085778781038,0.940425639736453,0.5994789870896066,0.6913746105919003,0.18094715641555417,886.0,0.7481157779693604,0.5950891971588135,2026-04-30T01:25:35.022971+00:00
NR-ER-LBD,klekota_roth,LogisticRegression,smote,f1_weighted,"{'C': 0.001, 'l1_ratio': 1.0}",0.021454807445027,1718,0.9767171129220024,0.9652127888593168,0.4941107184923439,0.4537544696066746,0.021454807445027,0.5,0.3333333333333333,0.3333333333333333,0.7356400705743972,0.6610099353833294,10202.0,0.9661399548532732,0.9495014940923098,0.4913892078071182,0.5712616822429907,0.0402945085546718,886.0,0.391024112701416,0.3172941207885742,2026-04-21T08:45:40.923499+00:00
NR-ER-LBD,klekota_roth,LogisticRegression,smoteenn,f1_weighted,"{'C': 0.001, 'l1_ratio': 1.0}",0.021454807445027,1718,0.9767171129220024,0.9652127888593168,0.4941107184923439,0.4537544696066746,0.021454807445027,0.5056001585885618,0.3395742473943718,0.3358130348913759,0.7386738955693233,0.6584965417649374,10089.0,0.9661399548532732,0.9495014940923098,0.4913892078071182,0.5712616822429907,0.0402945085546718,886.0,0.5351638793945312,0.357947826385498,2026-04-21T08:45:42.494519+00:00
NR-ER-LBD,klekota_roth,LogisticRegression,smoten,f1_weighted,"{'C': 0.001, 'l1_ratio': 1.0}",0.021454807445027,1718,0.9767171129220024,0.9652127888593168,0.4941107184923439,0.4537544696066746,0.021454807445027,0.5,0.3333333333333333,0.3333333333333333,0.7164281513428741,0.6457709255743815,10202.0,0.9661399548532732,0.9495014940923098,0.4913892078071182,0.5712616822429907,0.0402945085546718,886.0,0.4427907466888428,0.4015300273895263,2026-04-21T08:45:42.779491+00:00
NR-ER-LBD,klekota_roth,LogisticRegression,smoten_enn,f1_weighted,"{'C': 0.001, 'l1_ratio': 1.0}",0.021454807445027,1718,0.9767171129220024,0.9652127888593168,0.4941107184923439,0.4537544696066746,0.021454807445027,0.5111222444889779,0.3457641494779228,0.3382401697500166,0.7187326157147249,0.6375463949792874,9980.0,0.9661399548532732,0.9495014940923098,0.4913892078071182,0.5712616822429907,0.0402945085546718,886.0,0.5548980236053467,0.3214418888092041,2026-04-21T08:45:43.180853+00:00
NR-ER-LBD,maccs,XGBoost,none,f1_weighted,"{'colsample_bytree': 0.8, 'learning_rate': 0.1, 'max_depth': 3, 'min_child_weight': 1, 'n_estimators': 200, 'scale_pos_weight': 8, 'subsample': 0.8}",0.27458312772834187,1718,0.9784633294528522,0.9736482554941113,0.6581646097174048,0.7297973778307509,0.27458312772834187,0.9576808351976137,0.9621265898695553,0.8215477591319471,0.9808510670016988,0.7655393857890535,5364.0,0.9367945823927766,0.9425129090995453,0.6051316334001846,0.7415109034267914,0.14419003659738733,886.0,0.2708778381347656,0.2584960460662842,2026-04-30T01:34:11.386034+00:00
NR-ER-LBD,maccs,DecisionTree,random_over,f1_weighted,"{'ccp_alpha': 0.01, 'criterion': 'entropy', 'max_depth': 5, 'min_samples_leaf': 10}",0.1455537131558734,1718,0.9772991850989524,0.9738277108765858,0.6745500910746812,0.6191597139451728,0.1455537131558734,0.767398549304058,0.7673376905180743,0.7673376905180743,0.866603951291537,0.8509635158203199,10202.0,0.8194130925507901,0.8734062491936609,0.5194511112015079,0.693477414330218,0.1268457341938922,886.0,0.0736000537872314,0.0574839115142822,2026-04-22T09:21:45.201471+00:00
NR-ER-LBD,maccs,XGBoost,random_under,f1_weighted,"{'colsample_bytree': 0.8, 'learning_rate': 0.05, 'max_depth': 3, 'min_child_weight': 1, 'n_estimators': 200, 'scale_pos_weight': 1, 'subsample': 0.8}",0.2668725268416104,1718,0.9772991850989523,0.9738277108765858,0.6745500910746812,0.7259535160905841,0.2668725268416104,0.8871989860583016,0.88469846312716,0.8678359623351031,0.9625807804074079,0.929301191367662,789.0,0.9119638826185101,0.9285180424897664,0.5866746411483253,0.7178738317757009,0.12601338595678302,886.0,0.06454586982727051,0.05689191818237305,2026-04-30T01:34:42.822661+00:00
NR-ER-LBD,maccs,DecisionTree,smote,f1_weighted,"{'ccp_alpha': 0.01, 'criterion': 'gini', 'max_depth': 5, 'min_samples_leaf': 10}",0.1436329676594629,1718,0.979627473806752,0.9718099616258444,0.6059503915593565,0.4993966030989273,0.1436329676594629,0.7446579102136835,0.7360437697470867,0.7360437697470867,0.8283248657456566,0.7897163096406189,10202.0,0.9300225733634312,0.9383561735213912,0.594178486997636,0.6081191588785048,0.0820894814181475,886.0,0.0724351406097412,0.0633878707885742,2026-04-22T09:21:48.587267+00:00
NR-ER-LBD,maccs,DecisionTree,smoteenn,f1_weighted,"{'ccp_alpha': 0.01, 'criterion': 'gini', 'max_depth': 5, 'min_samples_leaf': 10}",0.1436329676594629,1718,0.979627473806752,0.9718099616258444,0.6059503915593565,0.4993966030989273,0.1436329676594629,0.7586586586586587,0.7509707780668283,0.7499824028785518,0.8327667393954054,0.7894205144559971,9990.0,0.9300225733634312,0.9383561735213912,0.594178486997636,0.6081191588785048,0.0820894814181475,886.0,0.061155080795288,0.0763838291168212,2026-04-22T09:21:50.783502+00:00
NR-ER-LBD,maccs,XGBoost,smoten,f1_weighted,"{'colsample_bytree': 0.8, 'learning_rate': 0.05, 'max_depth': 3, 'min_child_weight': 10, 'n_estimators': 200, 'scale_pos_weight': 1, 'subsample': 0.8}",0.22923211489765255,1718,0.9790454016298021,0.9734904705924944,0.6485270049099836,0.5701430274135877,0.22923211489765255,0.9370711625171535,0.9370270551745762,0.937027055174576,0.9839392478174939,0.9843602728831632,10202.0,0.9040632054176072,0.9223585626391342,0.553774048859105,0.6893107476635514,0.13756829524591682,886.0,0.4428060054779053,0.4366641044616699,2026-04-30T01:35:04.889809+00:00
NR-ER-LBD,maccs,DecisionTree,smoten_enn,f1_weighted,"{'ccp_alpha': 0.0, 'criterion': 'entropy', 'max_depth': 5, 'min_samples_leaf': 10}",0.1180928750187222,1718,0.9767171129220024,0.9729055976400788,0.6607424960505529,0.5778679976162098,0.1180928750187222,0.8585858585858586,0.8578954684765913,0.8579901921855146,0.9119340845832729,0.8606376653983969,10098.0,0.7957110609480813,0.858794378666076,0.5090841744039036,0.624357476635514,0.0747184143206335,886.0,0.0564701557159423,0.0604879856109619,2026-04-22T09:21:58.704813+00:00
NR-ER-LBD,map4,BalancedRandomForest,none,f1_weighted,"{'max_depth': 5, 'max_features': 'sqrt', 'min_samples_leaf': 20, 'n_estimators': 100}",0.2369849666960959,1718,0.9784633294528522,0.9724324129859668,0.6317896139253338,0.7188840882002384,0.2369849666960959,0.8756524981357197,0.9035175534315656,0.6505885899769627,0.8764243647148885,0.6096542759025676,5364.0,0.8171557562076749,0.8718238273085817,0.5134442500915266,0.6922507788161995,0.1945017109546158,886.0,0.6943809986114502,0.6006331443786621,2026-04-21T23:17:47.678724+00:00
NR-ER-LBD,map4,RandomForest,random_over,f1_weighted,"{'max_depth': 5, 'max_features': 'sqrt', 'min_samples_leaf': 20, 'n_estimators': 200}",0.2214489916813408,1718,0.979627473806752,0.9718099616258444,0.6059503915593565,0.7083805125148986,0.2214489916813408,0.8980592040776318,0.8976886171817335,0.8976886171817335,0.9640666111687608,0.9688026806256128,10202.0,0.9345372460496614,0.9411192756797226,0.6013219960278053,0.7552959501557632,0.2311120278945267,886.0,1.471153736114502,1.9050440788269043,2026-04-21T18:08:04.942345+00:00
NR-ER-LBD,map4,RandomForest,random_under,f1_weighted,"{'max_depth': 5, 'max_features': 'sqrt', 'min_samples_leaf': 5, 'n_estimators': 200}",0.2160719069884304,1718,0.979627473806752,0.9718099616258444,0.6059503915593565,0.704342967818832,0.2160719069884304,0.929024081115336,0.927772880967676,0.9174895797540972,0.96920585811563,0.9560981537144008,789.0,0.9130925507900676,0.9281949123465878,0.571779179612717,0.7294781931464174,0.2101805996244021,886.0,0.6052742004394531,0.3023138046264648,2026-04-21T18:08:07.152116+00:00
NR-ER-LBD,map4,LogisticRegression,smote,f1_weighted,"{'C': 0.001, 'l1_ratio': 1.0}",0.0232828870779976,1718,0.9767171129220024,0.9652127888593168,0.4941107184923439,0.5,0.0232828870779976,0.5,0.3333333333333333,0.3333333333333333,0.5,0.5,10202.0,0.9661399548532732,0.9495014940923098,0.4913892078071182,0.5,0.0338600451467268,886.0,0.1268951892852783,0.1109871864318847,2026-04-21T08:45:58.448942+00:00
NR-ER-LBD,map4,LogisticRegression,smoteenn,f1_weighted,"{'C': 0.001, 'l1_ratio': 1.0}",0.0232828870779976,1718,0.9767171129220024,0.9652127888593168,0.4941107184923439,0.5,0.0232828870779976,0.5024625689519306,0.3360731087948336,0.3344260145545139,0.5,0.4975374310480693,10152.0,0.9661399548532732,0.9495014940923098,0.4913892078071182,0.5,0.0338600451467268,886.0,0.1110742092132568,0.1183290481567382,2026-04-21T08:46:00.012674+00:00
NR-ER-LBD,map4,LogisticRegression,smoten,f1_weighted,"{'C': 0.001, 'l1_ratio': 1.0}",0.0232828870779976,1718,0.9767171129220024,0.9652127888593168,0.4941107184923439,0.5,0.0232828870779976,0.5,0.3333333333333333,0.3333333333333333,0.5,0.5,10202.0,0.9661399548532732,0.9495014940923098,0.4913892078071182,0.5,0.0338600451467268,886.0,0.121384859085083,0.1101520061492919,2026-04-21T08:46:03.970304+00:00
NR-ER-LBD,map4,LogisticRegression,smoten_enn,f1_weighted,"{'C': 0.001, 'l1_ratio': 1.0}",0.0232828870779976,1718,0.9767171129220024,0.9652127888593168,0.4941107184923439,0.5,0.0232828870779976,0.5050995148034458,0.3390148190805759,0.3355921052631579,0.5,0.4949004851965541,10099.0,0.9661399548532732,0.9495014940923098,0.4913892078071182,0.5,0.0338600451467268,886.0,0.1246500015258789,0.163499116897583,2026-04-21T08:46:05.567944+00:00
NR-ER-LBD,mhfp,BalancedRandomForest,none,f1_weighted,"{'max_depth': 5, 'max_features': 'sqrt', 'min_samples_leaf': 5, 'n_estimators': 200}",0.1626907078671091,1718,0.979627473806752,0.9718099616258444,0.6059503915593565,0.621729737783075,0.1626907078671091,0.9666293810589112,0.9702720843960126,0.8608099803904428,0.9927427932940904,0.8529899799702727,5364.0,0.9525959367945824,0.951806282339706,0.6256789924757575,0.6900311526479751,0.1947532538901956,886.0,2.0913290977478027,2.045644044876098,2026-04-21T23:18:33.286870+00:00
NR-ER-LBD,mhfp,BernoulliNB,random_over,f1_weighted,{'alpha': 0.1},0.17345062226806,1718,0.979627473806752,0.9718099616258444,0.6059503915593565,0.5453292610250298,0.17345062226806,0.7954322681827093,0.7922276945863603,0.7922276945863604,0.8773953168155773,0.8875996493855208,10202.0,0.8972911963882618,0.919737157411638,0.5699189724058101,0.6972546728971962,0.1476919856975762,886.0,0.5083520412445068,0.4250929355621338,2026-04-21T14:19:40.547733+00:00
NR-ER-LBD,mhfp,RandomForest,random_under,f1_weighted,"{'max_depth': 5, 'max_features': 'log2', 'min_samples_leaf': 20, 'n_estimators': 200}",0.2002748797117636,1718,0.979045401629802,0.9721594946486468,0.6196871310507674,0.6272571513706794,0.2002748797117636,0.9100126742712294,0.9076489714593634,0.8938344416922357,0.9840607786725268,0.9665834167443508,789.0,0.9367945823927766,0.9411235752387976,0.5835487661574618,0.6950155763239876,0.1831625407569274,886.0,0.436985969543457,0.3579823970794678,2026-04-21T18:09:38.267388+00:00
NR-ER-LBD,mhfp,LogisticRegression,smote,f1_weighted,"{'C': 1, 'l1_ratio': 1.0}",0.1866166738957049,1718,0.9749708963911524,0.9700063483562372,0.6164441883044397,0.646446662693683,0.1866166738957049,0.9993138600274456,0.9993138600208532,0.9993138600208532,0.9999913144406531,0.9999905248723286,10202.0,0.9548532731376976,0.9504696885085588,0.5883855981416957,0.6850467289719625,0.2048863141955832,886.0,2.25679087638855,2.2516050338745117,2026-04-21T08:46:16.379565+00:00
NR-ER-LBD,mhfp,KNeighbors,smoteenn,f1_weighted,"{'n_neighbors': 5, 'weights': 'uniform'}",0.1066305184956677,1718,0.9743888242142026,0.9696149315839104,0.6141769257467181,0.6547005363528009,0.1066305184956677,0.9927358397958184,0.9927356358139366,0.992735685164392,0.9983476904553964,0.9969510131865036,10187.0,0.9604966139954854,0.9551822330993862,0.6175146469318532,0.5808995327102804,0.1373663123098789,886.0,32.26613783836365,17.94042682647705,2026-04-24T01:07:40.846048+00:00
NR-ER-LBD,mhfp,LogisticRegression,smoten,f1_weighted,"{'C': 1, 'l1_ratio': 1.0}",0.1598805535602711,1718,0.9778812572759022,0.9698178592614126,0.5813518019751187,0.628985399284863,0.1598805535602711,0.9993138600274456,0.999313859862636,0.999313859862636,0.999991237577296,0.9999908432687916,10202.0,0.9503386004514672,0.9466339844207448,0.5641323792486583,0.6769470404984425,0.1880054428411665,886.0,2.3586947917938232,2.097839832305908,2026-04-21T08:46:22.008943+00:00
NR-ER-LBD,mhfp,KNeighbors,smoten_enn,f1_weighted,"{'n_neighbors': 15, 'weights': 'uniform'}",0.1067584204666875,1718,0.9726426076833528,0.9690204718952836,0.6200170353742841,0.6785384386174016,0.1067584204666875,0.9794453186467348,0.9794380449921825,0.9794392282661288,0.9985026367127464,0.9970038419992056,10168.0,0.9401805869074492,0.9431826851720756,0.5889350899461636,0.6192757009345795,0.1365865314880649,886.0,98.70605087280272,68.90052390098572,2026-04-24T01:13:48.780366+00:00
NR-ER-LBD,morgan_2048,XGBoost,none,f1_weighted,"{'colsample_bytree': 0.8, 'learning_rate': 0.1, 'max_depth': 7, 'min_child_weight': 1, 'n_estimators': 100, 'scale_pos_weight': 4, 'subsample': 0.8}",0.2758314145081665,1718,0.9813736903376019,0.9752528841321306,0.6619441164895711,0.6841626936829559,0.2758314145081665,0.9875093214019388,0.9876088688066633,0.9340966083559269,0.9972658756987187,0.9464826320846236,5364.0,0.9582392776523702,0.9526212178479224,0.5956583410422448,0.6848520249221184,0.18236846447012595,886.0,1.7100532054901123,1.6420001983642578,2026-04-30T01:44:11.111797+00:00
NR-ER-LBD,morgan_2048,RandomForest,random_over,f1_weighted,"{'max_depth': 5, 'max_features': 'sqrt', 'min_samples_leaf': 5, 'n_estimators': 200}",0.2413331950634419,1718,0.980209545983702,0.9729949267075798,0.6254200333461588,0.6088423718712753,0.2413331950634419,0.7741619290335229,0.7662756433080404,0.7662756433080404,0.9189143273720292,0.9217202932624288,10202.0,0.9367945823927766,0.9443217051160954,0.633451536643026,0.7669392523364486,0.2542746026481558,886.0,2.00970196723938,2.442810297012329,2026-04-21T18:11:09.552271+00:00
NR-ER-LBD,morgan_2048,RandomForest,random_under,f1_weighted,"{'max_depth': 15, 'max_features': 'sqrt', 'min_samples_leaf': 5, 'n_estimators': 100}",0.2712361527749763,1718,0.981373690337602,0.9752528841321306,0.6619441164895711,0.6370008939213349,0.2712361527749763,0.8491761723700887,0.8452144732910458,0.8220605431179725,0.9305902933395016,0.875118023923179,789.0,0.9040632054176072,0.9250292129669148,0.5982759632361963,0.776518691588785,0.2875503350988354,886.0,0.2602012157440185,0.2281310558319091,2026-04-21T18:11:21.540386+00:00
NR-ER-LBD,morgan_2048,LogisticRegression,smote,f1_weighted,"{'C': 0.001, 'l1_ratio': 1.0}",0.0232828870779976,1718,0.9767171129220024,0.9652127888593168,0.4941107184923439,0.5,0.0232828870779976,0.5,0.3333333333333333,0.3333333333333333,0.5,0.5,10202.0,0.9661399548532732,0.9495014940923098,0.4913892078071182,0.5,0.0338600451467268,886.0,0.2117152214050293,0.1378118991851806,2026-04-21T08:46:44.188400+00:00
NR-ER-LBD,morgan_2048,LogisticRegression,smoteenn,f1_weighted,"{'C': 0.001, 'l1_ratio': 1.0}",0.0232828870779976,1718,0.9767171129220024,0.9652127888593168,0.4941107184923439,0.5,0.0232828870779976,0.5028588328075709,0.3365146482323935,0.3346015086913742,0.5,0.497141167192429,10144.0,0.9661399548532732,0.9495014940923098,0.4913892078071182,0.5,0.0338600451467268,886.0,0.1574480533599853,0.173307180404663,2026-04-21T08:46:44.617618+00:00
NR-ER-LBD,morgan_2048,XGBoost,smoten,f1_weighted,"{'colsample_bytree': 0.8, 'learning_rate': 0.1, 'max_depth': 3, 'min_child_weight': 1, 'n_estimators': 100, 'scale_pos_weight': 1, 'subsample': 0.8}",0.2013191245572828,1718,0.9796274738067521,0.9725746043111105,0.6224958093456301,0.628292610250298,0.2013191245572828,0.9594197216232111,0.9594025200952155,0.9594025200952156,0.9891402260881843,0.9895884145195841,10202.0,0.9300225733634312,0.9383561735213913,0.594178486997636,0.7454244548286604,0.16356581353318292,886.0,2.5134341716766357,2.5424160957336426,2026-04-30T01:47:19.764111+00:00
NR-ER-LBD,morgan_2048,XGBoost,smoten_enn,f1_weighted,"{'colsample_bytree': 0.8, 'learning_rate': 0.1, 'max_depth': 7, 'min_child_weight': 5, 'n_estimators': 100, 'scale_pos_weight': 1, 'subsample': 0.8}",0.1829940050591018,1718,0.9796274738067521,0.9718099616258443,0.6059503915593565,0.6435041716328964,0.1829940050591018,0.9890851359396706,0.9890855451814577,0.9890847989170224,0.9985129596536146,0.9983407240236668,10078.0,0.9582392776523702,0.9526212178479224,0.5956583410422448,0.7371884735202492,0.17839301326978133,886.0,3.174437999725342,3.1829471588134766,2026-04-30T01:47:58.116348+00:00
NR-ER-LBD,morgan_4096,XGBoost,none,f1_weighted,"{'colsample_bytree': 0.8, 'learning_rate': 0.1, 'max_depth': 5, 'min_child_weight': 5, 'n_estimators': 200, 'scale_pos_weight': 4, 'subsample': 0.8}",0.2588833088958913,1718,0.980209545983702,0.9749632222262444,0.6680532824149845,0.655870083432658,0.2588833088958913,0.9794929157345265,0.9796384801254214,0.8916084147317325,0.9930681600491367,0.894035205956277,5364.0,0.9525959367945824,0.9500451554864136,0.5988875953951623,0.7169003115264798,0.19944667606187091,886.0,7.031746864318848,6.754312038421631,2026-04-30T01:48:04.090711+00:00
NR-ER-LBD,morgan_4096,XGBoost,random_over,f1_weighted,"{'colsample_bytree': 0.8, 'learning_rate': 0.05, 'max_depth': 7, 'min_child_weight': 5, 'n_estimators': 100, 'scale_pos_weight': 1, 'subsample': 0.8}",0.25411220733341505,1718,0.9790454016298021,0.9734904705924944,0.6485270049099836,0.6495902860548272,0.25411220733341505,0.9640266614389336,0.9640260804272919,0.9640260804272918,0.9912710512881896,0.9892693204197339,10202.0,0.9345372460496614,0.9411192756797226,0.6013219960278053,0.7039524922118381,0.2366150390307363,886.0,7.910537958145142,7.865360736846924,2026-04-30T01:48:18.477224+00:00
NR-ER-LBD,morgan_4096,RandomForest,random_under,f1_weighted,"{'max_depth': 10, 'max_features': 'sqrt', 'min_samples_leaf': 5, 'n_estimators': 100}",0.2369923900663718,1718,0.980209545983702,0.9729949267075798,0.6254200333461588,0.653888557806913,0.2369923900663718,0.8326996197718631,0.8245021141482889,0.7953677360536946,0.9136896586621174,0.8597075760818366,789.0,0.917607223476298,0.9324112999499488,0.6019202954300662,0.7712227414330218,0.2642741604870311,886.0,0.2855818271636963,0.2294001579284668,2026-04-21T18:13:26.675444+00:00
NR-ER-LBD,morgan_4096,LogisticRegression,smote,f1_weighted,"{'C': 0.001, 'l1_ratio': 1.0}",0.0232828870779976,1718,0.9767171129220024,0.9652127888593168,0.4941107184923439,0.5,0.0232828870779976,0.5,0.3333333333333333,0.3333333333333333,0.5,0.5,10202.0,0.9661399548532732,0.9495014940923098,0.4913892078071182,0.5,0.0338600451467268,886.0,0.3570029735565185,0.2581319808959961,2026-04-21T08:47:00.420504+00:00
NR-ER-LBD,morgan_4096,LogisticRegression,smoteenn,f1_weighted,"{'C': 0.001, 'l1_ratio': 1.0}",0.0232828870779976,1718,0.9767171129220024,0.9652127888593168,0.4941107184923439,0.5,0.0232828870779976,0.5025615763546798,0.3361834110530747,0.3344698708281424,0.5,0.4974384236453202,10150.0,0.9661399548532732,0.9495014940923098,0.4913892078071182,0.5,0.0338600451467268,886.0,0.3995249271392822,0.386941909790039,2026-04-21T08:47:02.049016+00:00
NR-ER-LBD,morgan_4096,XGBoost,smoten,f1_weighted,"{'colsample_bytree': 0.8, 'learning_rate': 0.1, 'max_depth': 3, 'min_child_weight': 10, 'n_estimators': 200, 'scale_pos_weight': 1, 'subsample': 0.8}",0.1839386403647658,1718,0.9796274738067521,0.9718099616258443,0.6059503915593565,0.6210518474374255,0.1839386403647658,0.9711821211527152,0.9711808408033424,0.9711808408033422,0.990940500421192,0.9930637484330671,10202.0,0.9435665914221218,0.9474317636060693,0.6281685412120195,0.7441588785046729,0.25348460589817906,886.0,11.403139114379883,11.408762693405151,2026-04-30T01:50:51.899132+00:00
NR-ER-LBD,morgan_4096,XGBoost,smoten_enn,f1_weighted,"{'colsample_bytree': 0.8, 'learning_rate': 0.05, 'max_depth': 5, 'min_child_weight': 10, 'n_estimators': 200, 'scale_pos_weight': 1, 'subsample': 0.8}",0.18349827005023725,1718,0.9796274738067521,0.9718099616258443,0.6059503915593565,0.6039928486293206,0.18349827005023725,0.9806930693069307,0.9806928340501586,0.980693046405829,0.9969953018245288,0.9970894006042754,10100.0,0.9480812641083521,0.9480812641083521,0.6032320872274143,0.7526869158878505,0.22570712294084558,886.0,13.33328890800476,13.319435834884644,2026-04-30T01:54:43.606078+00:00
NR-ER-LBD,pubchem,RUSBoost,none,f1_weighted,"{'learning_rate': 0.25, 'n_estimators': 50, 'sampling_strategy': 'auto'}",0.3401871715852596,1718,0.9825378346915018,0.9773765425944124,0.6955699940933255,0.6371275327771156,0.3401871715852596,0.8780760626398211,0.904642902632844,0.6475821588603543,0.8883675235527515,0.5005846785786281,5364.0,0.8803611738148984,0.9116113714108668,0.588953081232493,0.7788746105919004,0.1696257059142602,886.0,0.1095647811889648,0.0855050086975097,2026-04-29T18:51:27.978017+00:00
NR-ER-LBD,pubchem,XGBoost,random_over,f1_weighted,"{'colsample_bytree': 0.8, 'learning_rate': 0.1, 'max_depth': 3, 'min_child_weight': 1, 'n_estimators': 100, 'scale_pos_weight': 1, 'subsample': 0.8}",0.3022277192766031,1718,0.980209545983702,0.9755212495419673,0.6801585737126836,0.6830080452920144,0.3022277192766031,0.8920799843168006,0.8920735127179924,0.8920735127179924,0.9683915393274632,0.966400081396547,10202.0,0.8848758465011287,0.9134168855864855,0.5766326243792748,0.7671728971962617,0.16004473330874114,886.0,1.0856430530548096,1.043118953704834,2026-04-30T01:57:30.644069+00:00
NR-ER-LBD,pubchem,XGBoost,random_under,f1_weighted,"{'colsample_bytree': 0.8, 'learning_rate': 0.1, 'max_depth': 3, 'min_child_weight': 1, 'n_estimators': 100, 'scale_pos_weight': 1, 'subsample': 0.8}",0.32055734646737344,1718,0.980791618160652,0.9754126926631594,0.671596142149622,0.6723107866507748,0.32055734646737344,0.899873257287706,0.8979165612737336,0.8832133883687423,0.9711214561436482,0.9467986283570956,789.0,0.8972911963882618,0.9205413060725302,0.5836186639812018,0.7717484423676012,0.18419258461601173,886.0,0.1227719783782959,0.1150820255279541,2026-04-30T01:58:17.488510+00:00
NR-ER-LBD,pubchem,RandomForest,smote,f1_weighted,"{'max_depth': 15, 'max_features': 'log2', 'min_samples_leaf': 10, 'n_estimators': 100}",0.1958371511118832,1718,0.9755529685681024,0.969761543551842,0.6049017675274329,0.563811084624553,0.1958371511118832,0.8994314840227406,0.8994272748431998,0.8994272748432,0.9614365200330312,0.9612311981393508,10202.0,0.9130925507900676,0.929665992037804,0.5957717854370715,0.6848520249221184,0.2173218031226995,886.0,0.5311050415039062,0.3603088855743408,2026-04-21T18:16:28.533549+00:00
NR-ER-LBD,pubchem,RandomForest,smoteenn,f1_weighted,"{'max_depth': 15, 'max_features': 'log2', 'min_samples_leaf': 20, 'n_estimators': 100}",0.2126490651145928,1718,0.9784633294528522,0.9730635167129762,0.6454748771604972,0.5908820023837902,0.2126490651145928,0.8672008012018027,0.8672132183990102,0.8671961644003139,0.9462747665060938,0.9458791617737582,9985.0,0.8972911963882618,0.9201474154177062,0.5768885623573247,0.6686915887850468,0.205588951213778,886.0,0.390510082244873,0.3314549922943115,2026-04-21T18:16:34.563291+00:00
NR-ER-LBD,pubchem,XGBoost,smoten,f1_weighted,"{'colsample_bytree': 0.8, 'learning_rate': 0.05, 'max_depth': 3, 'min_child_weight': 1, 'n_estimators': 200, 'scale_pos_weight': 1, 'subsample': 0.8}",0.23132944848630108,1718,0.980791618160652,0.9741417697790471,0.6440674773830226,0.5811978545887961,0.23132944848630108,0.9511860419525583,0.9511538266295018,0.9511538266295018,0.9864447434514438,0.9865335472368559,10202.0,0.9300225733634312,0.9400609914855906,0.6211481696046788,0.7293808411214953,0.22964087179271675,886.0,1.9153368473052979,1.8877289295196533,2026-04-30T01:58:43.188965+00:00
NR-ER-LBD,pubchem,XGBoost,smoten_enn,f1_weighted,"{'colsample_bytree': 0.8, 'learning_rate': 0.05, 'max_depth': 5, 'min_child_weight': 1, 'n_estimators': 100, 'scale_pos_weight': 1, 'subsample': 0.8}",0.21679311188229153,1718,0.980209545983702,0.9729949267075798,0.6254200333461588,0.5474970202622169,0.21679311188229153,0.9647480581557458,0.9647389682573687,0.9647445620409855,0.9933064503426255,0.992116612797161,10042.0,0.9356659142212189,0.9424451095758953,0.6130559705780945,0.6911799065420561,0.21970843804358303,886.0,1.323509931564331,1.273705005645752,2026-04-30T01:59:01.551046+00:00
NR-ER-LBD,rdkit,BernoulliNB,none,f1_weighted,{'alpha': 50.0},0.2832372171760909,1718,0.980209545983702,0.9765206289512036,0.7018639880770094,0.678434147794994,0.2832372171760909,0.697800149142431,0.7833705709922612,0.4685495056618597,0.6235599819017072,0.0692207240051638,5364.0,0.7020316027088036,0.7970876710495093,0.4527178796046721,0.606113707165109,0.0427922056185524,886.0,0.0625920295715332,0.0234770774841308,2026-04-21T14:20:49.569787+00:00
NR-ER-LBD,rdkit,RandomForest,random_over,f1_weighted,"{'max_depth': 10, 'max_features': 'sqrt', 'min_samples_leaf': 20, 'n_estimators': 200}",0.2456402072083851,1718,0.980209545983702,0.9729949267075798,0.6254200333461588,0.7560041716328963,0.2456402072083851,0.9649088414036464,0.964908537963294,0.964908537963294,0.9933440560278533,0.9921095929163384,10202.0,0.945823927765237,0.9481912079119122,0.6222956410529681,0.7908489096573209,0.1961476102015266,886.0,1.9536187648773191,4.030550003051758,2026-04-21T18:17:53.360283+00:00
NR-ER-LBD,rdkit,BernoulliNB,random_under,f1_weighted,{'alpha': 50.0},0.2798558550230193,1718,0.980209545983702,0.9755212495419672,0.6801585737126836,0.6187723480333731,0.2798558550230193,0.7313054499366286,0.7265687636633451,0.6876391233547963,0.7777978574216773,0.591582736450196,789.0,0.8103837471783296,0.8664428235988066,0.4805695142378559,0.6708528037383178,0.0549727260110356,886.0,0.0515000820159912,0.0102860927581787,2026-04-21T14:20:55.469396+00:00
NR-ER-LBD,rdkit,LogisticRegression,smote,f1_weighted,"{'C': 0.001, 'l1_ratio': 1.0}",0.0214665833693401,1718,0.9767171129220024,0.9652127888593168,0.4941107184923439,0.4546185935637664,0.0214665833693401,0.5,0.3333333333333333,0.3333333333333333,0.7246618310135268,0.6504170779833169,10202.0,0.9661399548532732,0.9495014940923098,0.4913892078071182,0.5917445482866044,0.0425953915442579,886.0,0.2967550754547119,0.2556250095367431,2026-04-21T08:47:32.668048+00:00
NR-ER-LBD,rdkit,LogisticRegression,smoteenn,f1_weighted,"{'C': 0.001, 'l1_ratio': 1.0}",0.0214665833693401,1718,0.9767171129220024,0.9652127888593168,0.4941107184923439,0.4546185935637664,0.0214665833693401,0.5094377309497653,0.3438721537084495,0.3375016540955405,0.726361276641803,0.6432364304269645,10013.0,0.9661399548532732,0.9495014940923098,0.4913892078071182,0.5917445482866044,0.0425953915442579,886.0,0.2789161205291748,0.2680709362030029,2026-04-21T08:47:34.205803+00:00
NR-ER-LBD,rdkit,XGBoost,smoten,f1_weighted,"{'colsample_bytree': 0.8, 'learning_rate': 0.1, 'max_depth': 5, 'min_child_weight': 5, 'n_estimators': 100, 'scale_pos_weight': 1, 'subsample': 0.8}",0.1515074976210178,1718,0.9790454016298021,0.9705842636836882,0.585602487135506,0.5441224672228844,0.1515074976210178,0.9859831405606744,0.9859831393486186,0.9859831393486185,0.9981747450759508,0.9979833954466769,10202.0,0.9548532731376975,0.9493670554592448,0.5717324052590874,0.6601635514018692,0.17876569657218422,886.0,3.509117841720581,3.4918971061706543,2026-04-30T02:02:26.168919+00:00
NR-ER-LBD,rdkit,XGBoost,smoten_enn,f1_weighted,"{'colsample_bytree': 0.8, 'learning_rate': 0.05, 'max_depth': 5, 'min_child_weight': 1, 'n_estimators': 200, 'scale_pos_weight': 1, 'subsample': 0.8}",0.12588868029314498,1718,0.9784633294528522,0.9693149791751978,0.5643150398563389,0.47372616209773544,0.12588868029314498,0.9941311051427435,0.9941314096965421,0.9941306135822265,0.9993506769080407,0.9991656726132093,10053.0,0.9616252821670429,0.9536017656060974,0.5854115056427195,0.5912383177570093,0.15234273983605082,886.0,6.062119245529175,5.960963249206543,2026-04-30T02:03:32.538173+00:00
NR-ER-LBD,topological_torsion,BalancedRandomForest,none,f1_weighted,"{'max_depth': 5, 'max_features': 'log2', 'min_samples_leaf': 20, 'n_estimators': 100}",0.2536641387130685,1718,0.980791618160652,0.9748034011003068,0.6583937383633701,0.6507374851013111,0.2536641387130685,0.8970917225950783,0.9113896723071636,0.6053123240457949,0.7905193419913936,0.3031801352111601,5364.0,0.9221218961625284,0.933582480316734,0.5829734984139978,0.688785046728972,0.1430351406570152,886.0,0.9241008758544922,0.8578610420227051,2026-04-21T23:24:41.591688+00:00
NR-ER-LBD,topological_torsion,RandomForest,random_over,f1_weighted,"{'max_depth': 5, 'max_features': 'log2', 'min_samples_leaf': 10, 'n_estimators': 200}",0.1751047636143622,1718,0.980209545983702,0.9729949267075798,0.6254200333461588,0.5274955303933254,0.1751047636143622,0.7509311899627524,0.7397016304031695,0.7397016304031695,0.9120173783438492,0.9102586294730104,10202.0,0.9334085778781038,0.9383517521444658,0.5671643026885593,0.7277647975077883,0.169835226606868,886.0,0.9017019271850586,0.9173362255096436,2026-04-21T18:19:40.941353+00:00
NR-ER-LBD,topological_torsion,RandomForest,random_under,f1_weighted,"{'max_depth': 10, 'max_features': 'sqrt', 'min_samples_leaf': 20, 'n_estimators': 100}",0.222812765130378,1718,0.980209545983702,0.9737061893903888,0.6408156237701692,0.634207389749702,0.222812765130378,0.8086185044359949,0.8053648208772863,0.7777609893953384,0.8438281600138791,0.766636000596461,789.0,0.8498871331828443,0.8922666384964153,0.5456778128626563,0.765303738317757,0.2184964356008874,886.0,0.2016150951385498,0.2177810668945312,2026-04-21T18:19:44.944411+00:00
NR-ER-LBD,topological_torsion,DecisionTree,smote,f1_weighted,"{'ccp_alpha': 0.0, 'criterion': 'entropy', 'max_depth': 5, 'min_samples_leaf': 50}",0.1286681911403732,1718,0.9767171129220024,0.9705449673249936,0.6094744498999818,0.5672824791418356,0.1286681911403732,0.7236816310527348,0.7141705681506663,0.7141705681506663,0.7924210308752035,0.7703895985962442,10202.0,0.891647855530474,0.915969780346847,0.5572213893053473,0.6261292834890966,0.1640553803320585,886.0,1.1078178882598877,1.570678949356079,2026-04-22T09:37:42.096431+00:00
NR-ER-LBD,topological_torsion,DecisionTree,smoteenn,f1_weighted,"{'ccp_alpha': 0.0, 'criterion': 'entropy', 'max_depth': 5, 'min_samples_leaf': 50}",0.1286681911403732,1718,0.9767171129220024,0.9705449673249936,0.6094744498999818,0.5672824791418356,0.1286681911403732,0.7273176517098241,0.7179499258857527,0.7175130080794105,0.795782654989503,0.7707812955881664,10118.0,0.891647855530474,0.915969780346847,0.5572213893053473,0.6210085669781933,0.1638727906945609,886.0,1.3288118839263916,1.091507911682129,2026-04-22T09:39:08.092291+00:00
NR-ER-LBD,topological_torsion,DecisionTree,smoten,f1_weighted,"{'ccp_alpha': 0.0, 'criterion': 'entropy', 'max_depth': 5, 'min_samples_leaf': 10}",0.0796892458271573,1718,0.9767171129220024,0.9690661051651632,0.5774301456119638,0.5604216328963052,0.0796892458271573,0.8016075279356989,0.7983941318777066,0.7983941318777066,0.8932554556361806,0.8624314330243849,10202.0,0.899548532731377,0.9206471812074828,0.5649842497531266,0.7080412772585669,0.0854340994568243,886.0,1.1068882942199707,1.0740771293640137,2026-04-22T09:39:17.178451+00:00
NR-ER-LBD,topological_torsion,DecisionTree,smoten_enn,f1_weighted,"{'ccp_alpha': 0.0, 'criterion': 'gini', 'max_depth': 5, 'min_samples_leaf': 50}",0.1018337785716154,1718,0.9772991850989524,0.968588242954512,0.5609161505947114,0.5488974970202622,0.1018337785716154,0.7984303596264654,0.7947463323331434,0.7943552099975526,0.893066995334722,0.8673165199770156,10066.0,0.9006772009029346,0.9213163936640234,0.5661502849002849,0.7035241433021807,0.1259431927456517,886.0,1.086331129074097,1.1541061401367188,2026-04-22T09:39:27.156830+00:00
NR-PPAR-gamma,atom_pair,XGBoost,none,f1_weighted,"{'colsample_bytree': 0.8, 'learning_rate': 0.05, 'max_depth': 3, 'min_child_weight': 1, 'n_estimators': 100, 'scale_pos_weight': 8, 'subsample': 0.8}",0.13330410668378603,1678,0.9791418355184743,0.9693864657229774,0.5217543545353127,0.7709010014886994,0.13330410668378603,0.9833095868105027,0.9827475446152789,0.8380216793451165,0.965678902207099,0.7071181392189001,4913.0,0.9390804597701149,0.9269189331855312,0.5764867967853042,0.6626741241029971,0.19442944349060812,870.0,1.4125099182128906,1.4885971546173096,2026-04-30T02:07:46.821957+00:00
NR-PPAR-gamma,atom_pair,XGBoost,random_over,f1_weighted,"{'colsample_bytree': 0.8, 'learning_rate': 0.1, 'max_depth': 3, 'min_child_weight': 1, 'n_estimators': 200, 'scale_pos_weight': 1, 'subsample': 0.8}",0.18360099170347566,1678,0.9785458879618594,0.9709808118142609,0.5659970687128201,0.7922756800649615,0.18360099170347566,0.986279849183075,0.9862790471261881,0.9862790471261881,0.9987029133683727,0.9985116487053657,9548.0,0.906896551724138,0.9107891025158984,0.5742997118503796,0.5683832840861123,0.1611075874270094,870.0,4.3797900676727295,4.3502678871154785,2026-04-30T02:08:02.097660+00:00
NR-PPAR-gamma,atom_pair,XGBoost,random_under,f1_weighted,"{'colsample_bytree': 0.8, 'learning_rate': 0.05, 'max_depth': 5, 'min_child_weight': 1, 'n_estimators': 200, 'scale_pos_weight': 1, 'subsample': 0.8}",0.08630972879389938,1678,0.9785458879618594,0.9690579173450742,0.5208908346816408,0.7036303965353905,0.08630972879389938,0.9976019184652278,0.9975997424746201,0.9972972797801528,1.0,0.9999999999999998,417.0,0.8425287356321839,0.8728319455580271,0.5311522742202589,0.6809835373575348,0.13982328415290513,870.0,0.4376859664916992,0.43259286880493164,2026-04-30T02:08:31.998615+00:00
NR-PPAR-gamma,atom_pair,LogisticRegression,smote,f1_weighted,"{'C': 0.001, 'l1_ratio': 1.0}",0.0214541120381406,1678,0.9785458879618594,0.9679351494176948,0.494578313253012,0.5,0.0214541120381406,0.5,0.3333333333333333,0.3333333333333333,0.5,0.5,9548.0,0.9471264367816092,0.9214075370815183,0.48642266824085,0.5,0.0528735632183908,870.0,0.201625108718872,0.1438357830047607,2026-04-21T08:48:07.850805+00:00
NR-PPAR-gamma,atom_pair,LogisticRegression,smoteenn,f1_weighted,"{'C': 0.001, 'l1_ratio': 1.0}",0.0214541120381406,1678,0.9785458879618594,0.9679351494176948,0.494578313253012,0.5,0.0214541120381406,0.5010495382031906,0.3345001391948024,0.3337994686057894,0.5,0.4989504617968094,9528.0,0.9471264367816092,0.9214075370815183,0.48642266824085,0.5,0.0528735632183908,870.0,0.1897070407867431,0.1577181816101074,2026-04-21T08:48:08.561359+00:00
NR-PPAR-gamma,atom_pair,LogisticRegression,smoten,f1_weighted,"{'C': 0.001, 'l1_ratio': 1.0}",0.0214541120381406,1678,0.9785458879618594,0.9679351494176948,0.494578313253012,0.5,0.0214541120381406,0.5,0.3333333333333333,0.3333333333333333,0.5,0.5,9548.0,0.9471264367816092,0.9214075370815183,0.48642266824085,0.5,0.0528735632183908,870.0,0.189976692199707,0.1510117053985595,2026-04-21T08:48:10.043440+00:00
NR-PPAR-gamma,atom_pair,LogisticRegression,smoten_enn,f1_weighted,"{'C': 0.001, 'l1_ratio': 1.0}",0.0214541120381406,1678,0.9785458879618594,0.9679351494176948,0.494578313253012,0.5,0.0214541120381406,0.5042780183796345,0.3380975015440454,0.3352292676076118,0.5,0.4957219816203654,9467.0,0.9471264367816092,0.9214075370815183,0.48642266824085,0.5,0.0528735632183908,870.0,0.1738691329956054,0.1301281452178955,2026-04-21T08:48:14.905785+00:00
NR-PPAR-gamma,avalon,XGBoost,none,f1_weighted,"{'colsample_bytree': 0.8, 'learning_rate': 0.1, 'max_depth': 7, 'min_child_weight': 1, 'n_estimators': 100, 'scale_pos_weight': 8, 'subsample': 0.8}",0.34419605960611216,1678,0.9809296781883194,0.9742051660571208,0.6142196166336178,0.8177358235214509,0.34419605960611216,0.9995929167514757,0.9995943279758408,0.996323815509862,0.9999977395544812,0.9998968553831138,4913.0,0.9471264367816092,0.9274169149475571,0.5440667152752461,0.6734645420008443,0.20942080296380733,870.0,0.6237537860870361,0.5918700695037842,2026-04-30T02:11:47.273988+00:00
NR-PPAR-gamma,avalon,XGBoost,random_over,f1_weighted,"{'colsample_bytree': 0.8, 'learning_rate': 0.1, 'max_depth': 7, 'min_child_weight': 5, 'n_estimators': 200, 'scale_pos_weight': 1, 'subsample': 0.8}",0.2509691128303488,1678,0.9815256257449344,0.9753767516456924,0.6348563446324907,0.7739206929219109,0.2509691128303488,0.9991621281943862,0.9991621276061752,0.9991621276061754,0.999997959727746,0.9999970950073109,9548.0,0.9448275862068966,0.9276833249476382,0.5571767899558874,0.6629907133811734,0.19607657258328953,870.0,1.834118127822876,1.7862608432769775,2026-04-30T02:12:07.739815+00:00
NR-PPAR-gamma,avalon,BernoulliNB,random_under,f1_weighted,{'alpha': 0.1},0.0357310130994001,1678,0.9785458879618594,0.9679351494176948,0.494578313253012,0.6839220462850183,0.0357310130994001,0.6906474820143885,0.6872758258526048,0.6446703525355211,0.7554345013198075,0.6178985917519152,417.0,0.6885057471264368,0.7745402666542667,0.4921147130987744,0.7291051076403545,0.1255881025893957,870.0,0.0125958919525146,0.0020980834960937,2026-04-21T14:21:36.290427+00:00
NR-PPAR-gamma,avalon,LogisticRegression,smote,f1_weighted,"{'C': 0.001, 'l1_ratio': 1.0}",0.0214541120381406,1678,0.9785458879618594,0.9679351494176948,0.494578313253012,0.5,0.0214541120381406,0.5,0.3333333333333333,0.3333333333333333,0.5,0.5,9548.0,0.9471264367816092,0.9214075370815183,0.48642266824085,0.5,0.0528735632183908,870.0,0.0684306621551513,0.0529921054840087,2026-04-21T08:48:20.397274+00:00
NR-PPAR-gamma,avalon,LogisticRegression,smoteenn,f1_weighted,"{'C': 0.001, 'l1_ratio': 1.0}",0.0214541120381406,1678,0.9785458879618594,0.9679351494176948,0.494578313253012,0.5,0.0214541120381406,0.5029498525073747,0.3366160936310397,0.3346418056918547,0.5,0.4970501474926254,9492.0,0.9471264367816092,0.9214075370815183,0.48642266824085,0.5,0.0528735632183908,870.0,0.0619521141052246,0.0512869358062744,2026-04-21T08:48:21.060017+00:00
NR-PPAR-gamma,avalon,XGBoost,smoten,f1_weighted,"{'colsample_bytree': 0.8, 'learning_rate': 0.1, 'max_depth': 5, 'min_child_weight': 1, 'n_estimators': 200, 'scale_pos_weight': 1, 'subsample': 0.8}",0.2686727363555753,1678,0.9785458879618594,0.9750286783969552,0.6612154249949526,0.747310190824198,0.2686727363555753,0.9986384583158777,0.9986384571061391,0.9986384571061391,0.9999926067553809,0.9999926190085251,9548.0,0.9471264367816092,0.9274169149475571,0.5440667152752461,0.5858220768256648,0.15372626804292855,870.0,1.5582537651062012,1.5427289009094238,2026-04-30T02:13:05.311413+00:00
NR-PPAR-gamma,avalon,XGBoost,smoten_enn,f1_weighted,"{'colsample_bytree': 0.8, 'learning_rate': 0.1, 'max_depth': 5, 'min_child_weight': 10, 'n_estimators': 200, 'scale_pos_weight': 1, 'subsample': 0.8}",0.12106489509996014,1678,0.9773539928486293,0.9717746410262692,0.5984230149133414,0.6922113953173636,0.12106489509996014,0.9971440660038079,0.9971440802243277,0.9971438128785552,0.9999735479574189,0.999973185721195,9454.0,0.9459770114942528,0.9249175850900169,0.5253021279559781,0.5655603630223722,0.1136399120974095,870.0,1.4485540390014648,1.4390966892242432,2026-04-30T02:13:06.658413+00:00
NR-PPAR-gamma,erg,RandomForest,none,f1_weighted,"{'max_depth': 5, 'max_features': 'log2', 'min_samples_leaf': 10, 'n_estimators': 200}",0.0852677554920155,1678,0.9785458879618594,0.9690579173450742,0.5208908346816408,0.6560850588712952,0.0852677554920155,0.9163443924282516,0.9371361800029612,0.6311998771179483,0.9031708022773236,0.3640115945954978,4913.0,0.8839080459770114,0.8980461051208142,0.5647306501547987,0.5444676023638666,0.1589201617685634,870.0,0.663424015045166,0.4518461227416992,2026-04-21T18:24:32.749551+00:00
NR-PPAR-gamma,erg,XGBoost,random_over,f1_weighted,"{'colsample_bytree': 0.8, 'learning_rate': 0.05, 'max_depth': 3, 'min_child_weight': 5, 'n_estimators': 100, 'scale_pos_weight': 1, 'subsample': 0.8}",0.07336976089396155,1678,0.9785458879618594,0.9690579173450742,0.5208908346816408,0.6396924482338612,0.07336976089396155,0.842375366568915,0.842144681158838,0.842144681158838,0.940453820609435,0.9365530881372358,9548.0,0.860919540229885,0.8840269520412208,0.5448275862068965,0.5920351414098776,0.1431973531563942,870.0,0.5133521556854248,0.49315810203552246,2026-04-30T02:13:52.018362+00:00
NR-PPAR-gamma,erg,BernoulliNB,random_under,f1_weighted,{'alpha': 50.0},0.01881092498659,1678,0.9785458879618594,0.9679351494176948,0.494578313253012,0.4485299093246718,0.01881092498659,0.6642685851318945,0.5321805955811719,0.3991354466858789,0.6180321929506755,0.4096137187950266,417.0,0.9448275862068966,0.920257601695606,0.4858156028368794,0.6532687842971718,0.0924370649566448,870.0,0.0059571266174316,0.0006978511810302,2026-04-21T14:21:42.179489+00:00
NR-PPAR-gamma,erg,DecisionTree,smote,f1_weighted,"{'ccp_alpha': 0.01, 'criterion': 'gini', 'max_depth': 5, 'min_samples_leaf': 10}",0.0228626587011957,1678,0.9785458879618594,0.9679351494176948,0.494578313253012,0.5092705372851536,0.0228626587011957,0.7763929618768328,0.7758049054462723,0.7758049054462722,0.8642341853451763,0.839106880503361,9548.0,0.803448275862069,0.849781742627857,0.5190713101160862,0.5954780498100465,0.0814499103272829,870.0,0.2141990661621093,0.2028319835662841,2026-04-22T09:43:31.950812+00:00
NR-PPAR-gamma,erg,DecisionTree,smoteenn,f1_weighted,"{'ccp_alpha': 0.0, 'criterion': 'gini', 'max_depth': 5, 'min_samples_leaf': 10}",0.0228626587011957,1678,0.9785458879618594,0.9679351494176948,0.494578313253012,0.5092705372851536,0.0228626587011957,0.8496641432988592,0.849493832779523,0.8493748969209785,0.9317102637476704,0.906346595967582,9379.0,0.8655172413793103,0.8862795533243224,0.5425970279366763,0.5697419797382862,0.0836721103425176,870.0,0.2255401611328125,0.1926350593566894,2026-04-22T09:43:32.401860+00:00
NR-PPAR-gamma,erg,LogisticRegression,smoten,f1_weighted,"{'C': 0.001, 'l1_ratio': 1.0}",0.0214541120381406,1678,0.9785458879618594,0.9679351494176948,0.494578313253012,0.5,0.0214541120381406,0.5,0.3333333333333333,0.3333333333333333,0.5,0.5,9548.0,0.9471264367816092,0.9214075370815183,0.48642266824085,0.5,0.0528735632183908,870.0,0.0281653404235839,0.0209190845489501,2026-04-21T08:48:29.858263+00:00
NR-PPAR-gamma,erg,LogisticRegression,smoten_enn,f1_weighted,"{'C': 0.001, 'l1_ratio': 1.0}",0.0214541120381406,1678,0.9785458879618594,0.9679351494176948,0.494578313253012,0.5,0.0214541120381406,0.5724220623501199,0.4167672602805356,0.364038432209852,0.5,0.4275779376498801,8340.0,0.9471264367816092,0.9214075370815183,0.48642266824085,0.5,0.0528735632183908,870.0,0.0225729942321777,0.0162019729614257,2026-04-21T08:48:30.571327+00:00
NR-PPAR-gamma,estate,KNeighbors,none,f1_weighted,"{'n_neighbors': 5, 'weights': 'distance'}",0.1860061309345866,1678,0.9791418355184744,0.9736732446558096,0.6223709676382271,0.6373409798348897,0.1860061309345866,0.9969468756360677,0.9968622038340677,0.970698617016074,0.9998153969493028,0.9912676982256466,4913.0,0.942528735632184,0.9191049445691356,0.4852071005917159,0.5593341072182356,0.0713805609546617,870.0,0.084686279296875,0.0023860931396484,2026-04-24T02:21:14.000319+00:00
NR-PPAR-gamma,estate,RandomForest,random_over,f1_weighted,"{'max_depth': 10, 'max_features': 'sqrt', 'min_samples_leaf': 10, 'n_estimators': 100}",0.1989333659903854,1678,0.9785458879618594,0.973260186235413,0.6195586457073761,0.7667394099336853,0.1989333659903854,0.9069962295768748,0.90699325464417,0.90699325464417,0.9709732660274576,0.9687929088708198,9548.0,0.8747126436781609,0.893530478159475,0.5681910286825341,0.6472403967918954,0.1759309397496149,870.0,0.3003590106964111,0.2061541080474853,2026-04-21T18:25:28.031483+00:00
NR-PPAR-gamma,estate,BernoulliNB,random_under,f1_weighted,{'alpha': 0.1},0.2136034248787982,1678,0.9767580452920144,0.9726588824291564,0.6261717478107381,0.7181367573419949,0.2136034248787982,0.7026378896882494,0.6245843950976823,0.5294139060793592,0.7731613270534652,0.6445696814361206,417.0,0.9298850574712644,0.9158878287607056,0.5125602755453502,0.667634022794428,0.0993606253342158,870.0,0.0070412158966064,0.0008838176727294,2026-04-21T14:21:45.036989+00:00
NR-PPAR-gamma,estate,LogisticRegression,smote,f1_weighted,"{'C': 0.001, 'l1_ratio': 1.0}",0.0214541120381406,1678,0.9785458879618594,0.9679351494176948,0.494578313253012,0.5,0.0214541120381406,0.5,0.3333333333333333,0.3333333333333333,0.5,0.5,9548.0,0.9471264367816092,0.9214075370815183,0.48642266824085,0.5,0.0528735632183908,870.0,0.0090818405151367,0.0054640769958496,2026-04-21T08:48:33.085072+00:00
NR-PPAR-gamma,estate,XGBoost,smoteenn,f1_weighted,"{'colsample_bytree': 0.8, 'learning_rate': 0.1, 'max_depth': 7, 'min_child_weight': 1, 'n_estimators': 200, 'scale_pos_weight': 1, 'subsample': 0.8}",0.24465087115040732,1678,0.9785458879618594,0.9690579173450742,0.5208908346816408,0.8283258898362431,0.24465087115040732,0.9978822532825075,0.9978822011309986,0.9978818998111697,0.9999945502449474,0.9999943700521855,9444.0,0.9425287356321839,0.9191049445691355,0.48520710059171596,0.6310679611650485,0.11702138697711556,870.0,0.5175449848175049,0.4827861785888672,2026-04-30T02:14:45.168225+00:00
NR-PPAR-gamma,estate,LogisticRegression,smoten,f1_weighted,"{'C': 0.001, 'l1_ratio': 1.0}",0.0214541120381406,1678,0.9785458879618594,0.9679351494176948,0.494578313253012,0.5,0.0214541120381406,0.5,0.3333333333333333,0.3333333333333333,0.5,0.5,9548.0,0.9471264367816092,0.9214075370815183,0.48642266824085,0.5,0.0528735632183908,870.0,0.0091550350189208,0.0062830448150634,2026-04-21T08:48:33.641267+00:00
NR-PPAR-gamma,estate,LogisticRegression,smoten_enn,f1_weighted,"{'C': 0.001, 'l1_ratio': 1.0}",0.0214541120381406,1678,0.9785458879618594,0.9679351494176948,0.494578313253012,0.5,0.0214541120381406,0.5146060148754985,0.3496874407537726,0.3397622944986121,0.5,0.4853939851245014,9277.0,0.9471264367816092,0.9214075370815183,0.48642266824085,0.5,0.0528735632183908,870.0,0.0099499225616455,0.0047097206115722,2026-04-21T08:48:33.737389+00:00
NR-PPAR-gamma,fcfp,XGBoost,none,f1_weighted,"{'colsample_bytree': 0.8, 'learning_rate': 0.1, 'max_depth': 5, 'min_child_weight': 10, 'n_estimators': 200, 'scale_pos_weight': 8, 'subsample': 0.8}",0.15912824227470854,1678,0.9785458879618594,0.9700677611781502,0.5445717732207479,0.7482829205575856,0.15912824227470854,0.9792387543252595,0.9804455782421017,0.8332448189114723,0.9863868436042955,0.7271647608367822,4913.0,0.9367816091954023,0.925459476326552,0.5731147014479308,0.5721823554242296,0.17080025954816375,870.0,2.469532012939453,2.436833143234253,2026-04-30T02:14:58.117302+00:00
NR-PPAR-gamma,fcfp,XGBoost,random_over,f1_weighted,"{'colsample_bytree': 0.8, 'learning_rate': 0.1, 'max_depth': 7, 'min_child_weight': 1, 'n_estimators': 200, 'scale_pos_weight': 1, 'subsample': 0.8}",0.19257421882582199,1678,0.9761620977353993,0.9709970747014673,0.5939503932244404,0.7716030586006226,0.19257421882582199,0.992982823627985,0.9929824780798424,0.9929824780798425,0.9997574928011297,0.999704952492328,9548.0,0.9333333333333333,0.9232962646136298,0.5683490162532079,0.5537542211903757,0.1539636791006703,870.0,4.433768272399902,4.597830057144165,2026-04-30T02:15:01.340174+00:00
NR-PPAR-gamma,fcfp,BernoulliNB,random_under,f1_weighted,{'alpha': 10.0},0.0359813462861426,1678,0.9785458879618594,0.9679351494176948,0.494578313253012,0.6283495736906212,0.0359813462861426,0.6666666666666666,0.5333333333333333,0.4,0.7947570001552715,0.6694659204175223,417.0,0.9471264367816092,0.9214075370815183,0.48642266824085,0.6982376530181511,0.1242300922511472,870.0,0.0439097881317138,0.0051610469818115,2026-04-21T14:21:46.906426+00:00
NR-PPAR-gamma,fcfp,LogisticRegression,smote,f1_weighted,"{'C': 0.001, 'l1_ratio': 1.0}",0.0214541120381406,1678,0.9785458879618594,0.9679351494176948,0.494578313253012,0.5,0.0214541120381406,0.5,0.3333333333333333,0.3333333333333333,0.5,0.5,9548.0,0.9471264367816092,0.9214075370815183,0.48642266824085,0.5,0.0528735632183908,870.0,0.1680340766906738,0.1219668388366699,2026-04-21T08:48:34.607954+00:00
NR-PPAR-gamma,fcfp,LogisticRegression,smoteenn,f1_weighted,"{'C': 0.001, 'l1_ratio': 1.0}",0.0214541120381406,1678,0.9785458879618594,0.9679351494176948,0.494578313253012,0.5,0.0214541120381406,0.5022091310751104,0.3357908111698287,0.334313725490196,0.5,0.4977908689248895,9506.0,0.9471264367816092,0.9214075370815183,0.48642266824085,0.5,0.0528735632183908,870.0,0.150958776473999,0.1385009288787841,2026-04-21T08:48:34.912837+00:00
NR-PPAR-gamma,fcfp,LogisticRegression,smoten,f1_weighted,"{'C': 0.001, 'l1_ratio': 1.0}",0.0214541120381406,1678,0.9785458879618594,0.9679351494176948,0.494578313253012,0.5,0.0214541120381406,0.5,0.3333333333333333,0.3333333333333333,0.5,0.5,9548.0,0.9471264367816092,0.9214075370815183,0.48642266824085,0.5,0.0528735632183908,870.0,0.156369924545288,0.1511769294738769,2026-04-21T08:48:35.228922+00:00
NR-PPAR-gamma,fcfp,LogisticRegression,smoten_enn,f1_weighted,"{'C': 0.001, 'l1_ratio': 1.0}",0.0214541120381406,1678,0.9785458879618594,0.9679351494176948,0.494578313253012,0.5,0.0214541120381406,0.5051317320918421,0.3390508104051254,0.3356063268892794,0.5,0.4948682679081578,9451.0,0.9471264367816092,0.9214075370815183,0.48642266824085,0.5,0.0528735632183908,870.0,0.1605701446533203,0.1165039539337158,2026-04-21T08:48:35.649975+00:00
NR-PPAR-gamma,klekota_roth,XGBoost,none,f1_weighted,"{'colsample_bytree': 0.8, 'learning_rate': 0.1, 'max_depth': 7, 'min_child_weight': 5, 'n_estimators': 200, 'scale_pos_weight': 8, 'subsample': 0.8}",0.18295251669894871,1678,0.9743742550655542,0.9721065114642259,0.6410159456702903,0.767839017458384,0.18295251669894871,0.9940972928963974,0.9943156849783363,0.9503049328136308,0.9990664360007595,0.9586190344414643,4913.0,0.9402298850574713,0.9289211482018305,0.590528945367655,0.6069016462642466,0.14714250172003723,870.0,8.729757070541382,8.615422010421753,2026-04-30T02:17:38.036536+00:00
NR-PPAR-gamma,klekota_roth,LogisticRegression,random_over,f1_weighted,"{'C': 0.001, 'l1_ratio': 1.0}",0.0214541120381406,1678,0.9785458879618594,0.9679351494176948,0.494578313253012,0.5,0.0214541120381406,0.5,0.3333333333333333,0.3333333333333333,0.5,0.5,9548.0,0.9471264367816092,0.9214075370815183,0.48642266824085,0.5,0.0528735632183908,870.0,0.4488179683685303,0.288295030593872,2026-04-21T08:48:38.740147+00:00
NR-PPAR-gamma,klekota_roth,BernoulliNB,random_under,f1_weighted,{'alpha': 10.0},0.0392562267873049,1678,0.9785458879618594,0.9679351494176948,0.494578313253012,0.6252368385437812,0.0392562267873049,0.6666666666666666,0.5333333333333333,0.4,0.7782464675741421,0.6442836464220603,417.0,0.9471264367816092,0.9214075370815183,0.48642266824085,0.6291156606162938,0.0757575075521123,870.0,0.121392011642456,0.013075828552246,2026-04-21T14:21:59.808783+00:00
NR-PPAR-gamma,klekota_roth,LogisticRegression,smote,f1_weighted,"{'C': 0.001, 'l1_ratio': 1.0}",0.0265918280515191,1678,0.9785458879618594,0.9679351494176948,0.494578313253012,0.5963932873189877,0.0265918280515191,0.5,0.3333333333333333,0.3333333333333333,0.724759111855886,0.6507086288811161,9548.0,0.9471264367816092,0.9214075370815183,0.48642266824085,0.5256964964119882,0.0557910319288305,870.0,0.4588737487792969,0.2873480319976806,2026-04-21T08:48:44.895150+00:00
NR-PPAR-gamma,klekota_roth,LogisticRegression,smoteenn,f1_weighted,"{'C': 0.001, 'l1_ratio': 1.0}",0.0265918280515191,1678,0.9785458879618594,0.9679351494176948,0.494578313253012,0.5963932873189877,0.0265918280515191,0.5027909426013691,0.3364389880130263,0.334571448594856,0.7264365636891278,0.6495185481529705,9495.0,0.9471264367816092,0.9214075370815183,0.48642266824085,0.5256964964119882,0.0557910319288305,870.0,0.4955039024353027,0.4127500057220459,2026-04-21T08:48:47.264887+00:00
NR-PPAR-gamma,klekota_roth,LogisticRegression,smoten,f1_weighted,"{'C': 0.001, 'l1_ratio': 1.0}",0.0265918280515191,1678,0.9785458879618594,0.9679351494176948,0.494578313253012,0.5963932873189877,0.0265918280515191,0.5,0.3333333333333333,0.3333333333333333,0.7508378718056138,0.6713413256730596,9548.0,0.9471264367816092,0.9214075370815183,0.48642266824085,0.5256964964119882,0.0557910319288305,870.0,0.4042642116546631,0.3339357376098633,2026-04-21T08:48:47.985417+00:00
NR-PPAR-gamma,klekota_roth,LogisticRegression,smoten_enn,f1_weighted,"{'C': 0.001, 'l1_ratio': 1.0}",0.0265918280515191,1678,0.9785458879618594,0.9679351494176948,0.494578313253012,0.5963932873189877,0.0265918280515191,0.5052386495925495,0.3391702612887339,0.3356535189481825,0.7544372705093769,0.6696406323891164,9449.0,0.9471264367816092,0.9214075370815183,0.48642266824085,0.5256964964119882,0.0557910319288305,870.0,0.4663631916046142,0.3631806373596191,2026-04-21T08:48:48.746489+00:00
NR-PPAR-gamma,maccs,XGBoost,none,f1_weighted,"{'colsample_bytree': 0.8, 'learning_rate': 0.05, 'max_depth': 5, 'min_child_weight': 5, 'n_estimators': 100, 'scale_pos_weight': 4, 'subsample': 0.8}",0.16288560024532464,1678,0.9785458879618594,0.9718102672577461,0.5854743083003953,0.80204526999594,0.16288560024532464,0.9853450030531243,0.9835393509984454,0.8340893996870673,0.9826179274427128,0.7592337751852014,4913.0,0.9471264367816092,0.9255765490036046,0.5263905325443787,0.7178925707049388,0.1619070970395009,870.0,0.1928548812866211,0.17334485054016113,2026-04-30T02:25:43.782489+00:00
NR-PPAR-gamma,maccs,XGBoost,random_over,f1_weighted,"{'colsample_bytree': 0.8, 'learning_rate': 0.1, 'max_depth': 7, 'min_child_weight': 5, 'n_estimators': 200, 'scale_pos_weight': 1, 'subsample': 0.8}",0.19997995176513578,1678,0.9761620977353993,0.972254087107728,0.6235726944388361,0.8072895520368115,0.19997995176513578,0.9957059069962296,0.9957058278149807,0.9957058278149807,0.9998194907515556,0.9997869584005692,9548.0,0.9367816091954023,0.9278301296106772,0.5961991240432408,0.7013771633600676,0.18539831451777306,870.0,0.726747989654541,0.6795988082885742,2026-04-30T02:26:13.305983+00:00
NR-PPAR-gamma,maccs,BernoulliNB,random_under,f1_weighted,{'alpha': 50.0},0.0321436120659094,1678,0.9785458879618594,0.9679351494176948,0.494578313253012,0.6289162944918122,0.0321436120659094,0.6666666666666666,0.5537582259671124,0.4320971929652672,0.7259846798819937,0.5291705458457958,417.0,0.9367816091954024,0.918029805186846,0.5012039903680771,0.6816430983537357,0.1074236195695768,870.0,0.0075209140777587,0.0009238719940185,2026-04-21T14:22:10.747023+00:00
NR-PPAR-gamma,maccs,LogisticRegression,smote,f1_weighted,"{'C': 0.001, 'l1_ratio': 1.0}",0.0214541120381406,1678,0.9785458879618594,0.9679351494176948,0.494578313253012,0.5,0.0214541120381406,0.5,0.3333333333333333,0.3333333333333333,0.5,0.5,9548.0,0.9471264367816092,0.9214075370815183,0.48642266824085,0.5,0.0528735632183908,870.0,0.0204663276672363,0.0206358432769775,2026-04-21T08:48:54.060123+00:00
NR-PPAR-gamma,maccs,LogisticRegression,smoteenn,f1_weighted,"{'C': 0.001, 'l1_ratio': 1.0}",0.0214541120381406,1678,0.9785458879618594,0.9679351494176948,0.494578313253012,0.5,0.0214541120381406,0.5048646362098139,0.3387524628623544,0.3354884047786367,0.5,0.4951353637901861,9456.0,0.9471264367816092,0.9214075370815183,0.48642266824085,0.5,0.0528735632183908,870.0,0.0295171737670898,0.0210208892822265,2026-04-21T08:48:54.359991+00:00
NR-PPAR-gamma,maccs,XGBoost,smoten,f1_weighted,"{'colsample_bytree': 0.8, 'learning_rate': 0.1, 'max_depth': 7, 'min_child_weight': 1, 'n_estimators': 200, 'scale_pos_weight': 1, 'subsample': 0.8}",0.09624983960369111,1678,0.9767580452920143,0.9690223649736129,0.5406257238924884,0.8188946406820949,0.09624983960369111,0.9963343108504399,0.9963343075934513,0.9963343075934514,0.999783051050332,0.9997090910230929,9548.0,0.9482758620689655,0.9262382168960899,0.527510590279873,0.6716441536513296,0.17408416490375653,870.0,0.6890051364898682,0.9715242385864258,2026-04-30T02:26:52.878727+00:00
NR-PPAR-gamma,maccs,XGBoost,smoten_enn,f1_weighted,"{'colsample_bytree': 0.8, 'learning_rate': 0.1, 'max_depth': 7, 'min_child_weight': 1, 'n_estimators': 200, 'scale_pos_weight': 1, 'subsample': 0.8}",0.051270301848645033,1678,0.9767580452920143,0.9680801254482432,0.5185078909612626,0.7145841791852754,0.051270301848645033,0.9986177565124934,0.9986177792069153,0.9986174841794293,0.9998837093277784,0.9998145821194646,9405.0,0.9471264367816092,0.9235802016249558,0.5072399527186762,0.6136555508653441,0.132535351712226,870.0,0.9783952236175537,0.6516890525817871,2026-04-30T02:26:55.710296+00:00
NR-PPAR-gamma,map4,KNeighbors,none,f1_weighted,"{'n_neighbors': 15, 'weights': 'uniform'}",0.0509750199199155,1678,0.9785458879618594,0.9679351494176948,0.494578313253012,0.6811561104344297,0.0509750199199155,0.9717077142275596,0.9577645561520324,0.4928254361515433,0.9243632324973704,0.301271010985448,4913.0,0.9471264367816092,0.9214075370815183,0.48642266824085,0.60235067539046,0.0716983278869391,870.0,24.099081993103027,17.097442865371704,2026-04-24T02:47:19.581628+00:00
NR-PPAR-gamma,map4,LogisticRegression,random_over,f1_weighted,"{'C': 0.001, 'l1_ratio': 1.0}",0.0214541120381406,1678,0.9785458879618594,0.9679351494176948,0.494578313253012,0.5,0.0214541120381406,0.5,0.3333333333333333,0.3333333333333333,0.5,0.5,9548.0,0.9471264367816092,0.9214075370815183,0.48642266824085,0.5,0.0528735632183908,870.0,0.1269159317016601,0.1132330894470214,2026-04-21T08:48:58.341036+00:00
NR-PPAR-gamma,map4,LogisticRegression,random_under,f1_weighted,"{'C': 0.001, 'l1_ratio': 1.0}",0.0214541120381406,1678,0.9785458879618594,0.9679351494176948,0.494578313253012,0.5,0.0214541120381406,0.6666666666666666,0.5333333333333333,0.4,0.5,0.3333333333333333,417.0,0.9471264367816092,0.9214075370815183,0.48642266824085,0.5,0.0528735632183908,870.0,0.0217032432556152,0.0070862770080566,2026-04-21T08:48:59.738188+00:00
NR-PPAR-gamma,map4,LogisticRegression,smote,f1_weighted,"{'C': 0.001, 'l1_ratio': 1.0}",0.0214541120381406,1678,0.9785458879618594,0.9679351494176948,0.494578313253012,0.5,0.0214541120381406,0.5,0.3333333333333333,0.3333333333333333,0.5,0.5,9548.0,0.9471264367816092,0.9214075370815183,0.48642266824085,0.5,0.0528735632183908,870.0,0.123323917388916,0.0959310531616211,2026-04-21T08:49:00.697705+00:00
NR-PPAR-gamma,map4,LogisticRegression,smoteenn,f1_weighted,"{'C': 0.001, 'l1_ratio': 1.0}",0.0214541120381406,1678,0.9785458879618594,0.9679351494176948,0.494578313253012,0.5,0.0214541120381406,0.5008918266708635,0.3343247228978263,0.3337294652219503,0.5,0.4991081733291365,9531.0,0.9471264367816092,0.9214075370815183,0.48642266824085,0.5,0.0528735632183908,870.0,0.1169776916503906,0.1032888889312744,2026-04-21T08:49:03.032782+00:00
NR-PPAR-gamma,map4,LogisticRegression,smoten,f1_weighted,"{'C': 0.001, 'l1_ratio': 1.0}",0.0214541120381406,1678,0.9785458879618594,0.9679351494176948,0.494578313253012,0.5,0.0214541120381406,0.5,0.3333333333333333,0.3333333333333333,0.5,0.5,9548.0,0.9471264367816092,0.9214075370815183,0.48642266824085,0.5,0.0528735632183908,870.0,0.1128802299499511,0.1041162014007568,2026-04-21T08:49:05.111232+00:00
NR-PPAR-gamma,map4,LogisticRegression,smoten_enn,f1_weighted,"{'C': 0.001, 'l1_ratio': 1.0}",0.0214541120381406,1678,0.9785458879618594,0.9679351494176948,0.494578313253012,0.5,0.0214541120381406,0.5030558482613278,0.3367342427929863,0.3346887268648345,0.5,0.4969441517386723,9490.0,0.9471264367816092,0.9214075370815183,0.48642266824085,0.5,0.0528735632183908,870.0,0.113041877746582,0.1067321300506591,2026-04-21T08:49:06.492501+00:00
NR-PPAR-gamma,mhfp,XGBoost,none,f1_weighted,"{'colsample_bytree': 0.8, 'learning_rate': 0.05, 'max_depth': 3, 'min_child_weight': 1, 'n_estimators': 200, 'scale_pos_weight': 1, 'subsample': 0.8}",0.04609970418175381,1678,0.9749702026221693,0.967994868572937,0.5371338499934323,0.5874272567329814,0.04609970418175381,0.9873804192957459,0.985609984093599,0.8532556750298685,1.0,1.0,4913.0,0.9471264367816092,0.9214075370815183,0.48642266824085006,0.5675126635711271,0.12000667071630222,870.0,3.1778669357299805,3.168217897415161,2026-04-30T02:29:41.428698+00:00
NR-PPAR-gamma,mhfp,XGBoost,random_over,f1_weighted,"{'colsample_bytree': 0.8, 'learning_rate': 0.05, 'max_depth': 3, 'min_child_weight': 10, 'n_estimators': 200, 'scale_pos_weight': 1, 'subsample': 0.8}",0.0838894729488053,1678,0.9785458879618594,0.9690579173450742,0.5208908346816408,0.5867505751793206,0.0838894729488053,0.9978005865102639,0.9978005758707262,0.9978005758707262,1.0,1.0,9548.0,0.9471264367816092,0.9274169149475571,0.5440667152752461,0.5627374419586323,0.1486684454115072,870.0,5.731294870376587,5.724051237106323,2026-04-30T02:30:33.127354+00:00
NR-PPAR-gamma,mhfp,RandomForest,random_under,f1_weighted,"{'max_depth': 10, 'max_features': 'log2', 'min_samples_leaf': 5, 'n_estimators': 200}",0.0551428053613124,1678,0.9791418355184744,0.9693864657229774,0.5217543545353127,0.5236331032616051,0.0551428053613124,1.0,1.0,1.0,1.0,1.0,417.0,0.9448275862068966,0.9292139899134856,0.5719381688466112,0.5554295061207261,0.1291419913766893,870.0,0.3940029144287109,0.3280701637268066,2026-04-21T18:32:34.060336+00:00
NR-PPAR-gamma,mhfp,LogisticRegression,smote,f1_weighted,"{'C': 1, 'l1_ratio': 0.0}",0.0651866389029522,1678,0.9743742550655542,0.9684491624329882,0.554723129045994,0.6657869806469076,0.0651866389029522,1.0,1.0,1.0,1.0,1.0,9548.0,0.9459770114942528,0.9229599154248048,0.5065110609589785,0.5773269311945969,0.116102839317175,870.0,2.6549630165100098,3.355706214904785,2026-04-21T08:49:14.523160+00:00
NR-PPAR-gamma,mhfp,BernoulliNB,smoteenn,f1_weighted,{'alpha': 0.1},0.0562343834482048,1678,0.9749702026221692,0.967994868572937,0.5371338499934323,0.6233252131546895,0.0562343834482048,0.979149203688181,0.979139952288967,0.9791397663311938,0.993841027438106,0.9956210772997786,9544.0,0.9471264367816092,0.9214075370815183,0.48642266824085,0.5631067961165048,0.126456004172217,870.0,0.3095769882202148,0.3655939102172851,2026-04-21T14:22:35.550727+00:00
NR-PPAR-gamma,mhfp,XGBoost,smoten,f1_weighted,"{'colsample_bytree': 0.8, 'learning_rate': 0.05, 'max_depth': 3, 'min_child_weight': 1, 'n_estimators': 100, 'scale_pos_weight': 1, 'subsample': 0.8}",0.07841117299958812,1678,0.9755661501787842,0.9691600865968056,0.5576345620904947,0.5704594667749356,0.07841117299958812,0.9885839966485128,0.9885829134791474,0.9885829134791473,0.9976091080561531,0.9981552064298441,9548.0,0.9448275862068966,0.9223407467863702,0.5057988165680474,0.5523955255382018,0.10282394263193417,870.0,3.2013702392578125,3.1774227619171143,2026-04-30T02:33:07.813915+00:00
NR-PPAR-gamma,mhfp,XGBoost,smoten_enn,f1_weighted,"{'colsample_bytree': 0.8, 'learning_rate': 0.05, 'max_depth': 3, 'min_child_weight': 1, 'n_estimators': 100, 'scale_pos_weight': 1, 'subsample': 0.8}",0.07879479233398198,1678,0.9755661501787842,0.9691600865968056,0.5576345620904947,0.5943463256191637,0.07879479233398198,0.9906551868962621,0.9906544573186603,0.990654217457531,0.9980606354596168,0.9985361838623613,9524.0,0.9459770114942528,0.9229599154248049,0.5065110609589785,0.5671433094132545,0.09162325588126494,870.0,3.250767946243286,3.2745509147644043,2026-04-30T02:34:27.040299+00:00
NR-PPAR-gamma,morgan_2048,LogisticRegression,none,f1_weighted,"{'C': 1, 'l1_ratio': 1.0}",0.1528685809760454,1678,0.971990464839094,0.9709666232426324,0.6421087024591243,0.7463120855325484,0.1528685809760454,0.9890087522898432,0.9898713607956126,0.9158307973837628,0.999486125385406,0.9718028561651416,4913.0,0.9195402298850576,0.9178090076687389,0.5810862865947611,0.6961006753904602,0.1540766473658869,870.0,0.4117429256439209,0.3805398941040039,2026-04-21T08:49:32.513437+00:00
NR-PPAR-gamma,morgan_2048,XGBoost,random_over,f1_weighted,"{'colsample_bytree': 0.8, 'learning_rate': 0.1, 'max_depth': 5, 'min_child_weight': 5, 'n_estimators': 100, 'scale_pos_weight': 1, 'subsample': 0.8}",0.2000079452364095,1678,0.9761620977353993,0.9738217017484986,0.6605987055016181,0.7840878332656651,0.2000079452364095,0.979576874738165,0.9795734848944052,0.9795734848944052,0.9960610459988815,0.9945181122103813,9548.0,0.9287356321839081,0.9279869964007895,0.6367676767676768,0.6818013929928239,0.22310837632810376,870.0,2.5106706619262695,2.4110958576202393,2026-04-30T02:35:23.364781+00:00
NR-PPAR-gamma,morgan_2048,BernoulliNB,random_under,f1_weighted,{'alpha': 1.0},0.0922655129900525,1678,0.9779499404052444,0.9687307542909648,0.5200636967293585,0.7173754905941264,0.0922655129900525,0.9040767386091128,0.9001574511438363,0.8841344818005001,0.973836757931784,0.9586950796417402,417.0,0.8781609195402299,0.8939340542197883,0.55305908808933,0.6715386238919375,0.1598286326205472,870.0,0.0527019500732421,0.0079338550567626,2026-04-21T14:22:45.825531+00:00
NR-PPAR-gamma,morgan_2048,LogisticRegression,smote,f1_weighted,"{'C': 0.001, 'l1_ratio': 1.0}",0.0214541120381406,1678,0.9785458879618594,0.9679351494176948,0.494578313253012,0.5,0.0214541120381406,0.5,0.3333333333333333,0.3333333333333333,0.5,0.5,9548.0,0.9471264367816092,0.9214075370815183,0.48642266824085,0.5,0.0528735632183908,870.0,0.2167119979858398,0.144320011138916,2026-04-21T08:49:41.741794+00:00
NR-PPAR-gamma,morgan_2048,LogisticRegression,smoteenn,f1_weighted,"{'C': 0.001, 'l1_ratio': 1.0}",0.0214541120381406,1678,0.9785458879618594,0.9679351494176948,0.494578313253012,0.5,0.0214541120381406,0.5019451161812638,0.335496812691544,0.3341967098354917,0.5,0.4980548838187362,9511.0,0.9471264367816092,0.9214075370815183,0.48642266824085,0.5,0.0528735632183908,870.0,0.214432954788208,0.1409440040588379,2026-04-21T08:49:42.527037+00:00
NR-PPAR-gamma,morgan_2048,LogisticRegression,smoten,f1_weighted,"{'C': 0.001, 'l1_ratio': 1.0}",0.0214541120381406,1678,0.9785458879618594,0.9679351494176948,0.494578313253012,0.5,0.0214541120381406,0.5,0.3333333333333333,0.3333333333333333,0.5,0.5,9548.0,0.9471264367816092,0.9214075370815183,0.48642266824085,0.5,0.0528735632183908,870.0,0.172011137008667,0.1487519741058349,2026-04-21T08:49:43.869965+00:00
NR-PPAR-gamma,morgan_2048,LogisticRegression,smoten_enn,f1_weighted,"{'C': 0.001, 'l1_ratio': 1.0}",0.0214541120381406,1678,0.9785458879618594,0.9679351494176948,0.494578313253012,0.5,0.0214541120381406,0.5049180327868853,0.3388121004321583,0.3355119825708061,0.5,0.4950819672131147,9455.0,0.9471264367816092,0.9214075370815183,0.48642266824085,0.5,0.0528735632183908,870.0,0.1794607639312744,0.1478641033172607,2026-04-21T08:49:46.718905+00:00
NR-PPAR-gamma,morgan_4096,XGBoost,none,f1_weighted,"{'colsample_bytree': 0.8, 'learning_rate': 0.1, 'max_depth': 7, 'min_child_weight': 5, 'n_estimators': 200, 'scale_pos_weight': 8, 'subsample': 0.8}",0.25590813910042776,1678,0.9803337306317044,0.9729908753792827,0.5925836000441452,0.7686425768033562,0.25590813910042776,0.9979645837573784,0.997998853841232,0.9821146699750705,0.9998930055787796,0.9962706153158173,4913.0,0.9459770114942528,0.9267250795981928,0.5426737202357652,0.6048438159560997,0.15177555040645485,870.0,6.595806121826172,6.512528896331787,2026-04-30T02:38:23.911670+00:00
NR-PPAR-gamma,morgan_4096,XGBoost,random_over,f1_weighted,"{'colsample_bytree': 0.8, 'learning_rate': 0.05, 'max_depth': 5, 'min_child_weight': 1, 'n_estimators': 200, 'scale_pos_weight': 1, 'subsample': 0.8}",0.16278317953893073,1678,0.9767580452920143,0.9737527319927973,0.6519838547566248,0.6973287995669238,0.16278317953893073,0.9876413908671973,0.98763950298397,0.98763950298397,0.9983547946573474,0.9980902918583272,9548.0,0.9149425287356322,0.9131123795355239,0.5571483601144618,0.5803081468974252,0.14852972228572497,870.0,10.984539031982422,11.155992269515991,2026-04-30T02:38:51.613800+00:00
NR-PPAR-gamma,morgan_4096,RandomForest,random_under,f1_weighted,"{'max_depth': 5, 'max_features': 'sqrt', 'min_samples_leaf': 20, 'n_estimators': 100}",0.0866729308068148,1678,0.9785458879618594,0.9690579173450742,0.5208908346816408,0.64157023954527,0.0866729308068148,0.7074340527577938,0.7114354131082756,0.6805360192906662,0.7533383365250248,0.650517705762008,417.0,0.7505747126436781,0.8166039935073066,0.5014458308575955,0.6307117982271,0.1016761799043553,870.0,0.2644557952880859,0.1249730587005615,2026-04-21T18:36:25.882611+00:00
NR-PPAR-gamma,morgan_4096,LogisticRegression,smote,f1_weighted,"{'C': 0.001, 'l1_ratio': 1.0}",0.0214541120381406,1678,0.9785458879618594,0.9679351494176948,0.494578313253012,0.5,0.0214541120381406,0.5,0.3333333333333333,0.3333333333333333,0.5,0.5,9548.0,0.9471264367816092,0.9214075370815183,0.48642266824085,0.5,0.0528735632183908,870.0,0.3817300796508789,0.2601940631866455,2026-04-21T08:49:57.947768+00:00
NR-PPAR-gamma,morgan_4096,LogisticRegression,smoteenn,f1_weighted,"{'C': 0.001, 'l1_ratio': 1.0}",0.0224517475920296,1678,0.9785458879618594,0.9679351494176948,0.494578313253012,0.5206218703478144,0.0224517475920296,0.5013652593992859,0.3348513917700322,0.3339395635142697,0.7101773983551032,0.6440068350230758,9522.0,0.9471264367816092,0.9214075370815183,0.48642266824085,0.5183621781342338,0.0548725637181409,870.0,0.4091060161590576,0.2806780338287353,2026-04-21T08:49:59.287263+00:00
NR-PPAR-gamma,morgan_4096,LogisticRegression,smoten,f1_weighted,"{'C': 0.001, 'l1_ratio': 1.0}",0.0224517475920296,1678,0.9785458879618594,0.9679351494176948,0.494578313253012,0.5206218703478144,0.0224517475920296,0.5,0.3333333333333333,0.3333333333333333,0.7397360703812318,0.6694215718623371,9548.0,0.9471264367816092,0.9214075370815183,0.48642266824085,0.5183621781342338,0.0548725637181409,870.0,0.3178310394287109,0.2474949359893798,2026-04-21T08:50:01.116248+00:00
NR-PPAR-gamma,morgan_4096,LogisticRegression,smoten_enn,f1_weighted,"{'C': 0.001, 'l1_ratio': 1.0}",0.0224517475920296,1678,0.9785458879618594,0.9679351494176948,0.494578313253012,0.5206218703478144,0.0224517475920296,0.5034802784222738,0.3372074704247945,0.3348765432098765,0.7429324142845399,0.6690827986296123,9482.0,0.9471264367816092,0.9214075370815183,0.48642266824085,0.5183621781342338,0.0548725637181409,870.0,0.3904371261596679,0.3065900802612304,2026-04-21T08:50:02.422828+00:00
NR-PPAR-gamma,pubchem,XGBoost,none,f1_weighted,"{'colsample_bytree': 0.8, 'learning_rate': 0.1, 'max_depth': 3, 'min_child_weight': 1, 'n_estimators': 200, 'scale_pos_weight': 4, 'subsample': 0.8}",0.25043126750387296,1678,0.9797377830750894,0.9753475134962473,0.6548578342407744,0.8437796048179727,0.25043126750387296,0.9875839609200081,0.987190640751449,0.8799530536178156,0.9909672597071064,0.85967852981418,4913.0,0.9402298850574713,0.9216569353599414,0.5202748557855447,0.602957471506965,0.1533234788085859,870.0,0.9799840450286865,0.9575753211975098,2026-04-30T02:46:29.541915+00:00
NR-PPAR-gamma,pubchem,XGBoost,random_over,f1_weighted,"{'colsample_bytree': 0.8, 'learning_rate': 0.1, 'max_depth': 7, 'min_child_weight': 1, 'n_estimators': 200, 'scale_pos_weight': 1, 'subsample': 0.8}",0.27072258442696934,1678,0.9749702026221693,0.9725127868359236,0.643628640776699,0.8476620652321017,0.27072258442696934,0.9972769166317553,0.997276896439444,0.9972768964394441,0.9999501998062751,0.9999453725707179,9548.0,0.9390804597701149,0.9281700408237683,0.5886378032134605,0.6306590333474039,0.17105982792736057,870.0,2.471313953399658,2.446180820465088,2026-04-30T02:47:14.516011+00:00
NR-PPAR-gamma,pubchem,XGBoost,random_under,f1_weighted,"{'colsample_bytree': 0.8, 'learning_rate': 0.05, 'max_depth': 3, 'min_child_weight': 1, 'n_estimators': 100, 'scale_pos_weight': 1, 'subsample': 0.8}",0.08385731624528914,1678,0.9779499404052443,0.9697170420919231,0.5431997939888902,0.7025646230883745,0.08385731624528914,0.8848920863309353,0.8798302434666072,0.8602859057404513,0.9532632886496559,0.9270612076674398,417.0,0.9045977011494253,0.9115401383339627,0.5938215424768956,0.6577537990713381,0.15767273970864376,870.0,0.09487390518188477,0.07219696044921875,2026-04-30T02:47:31.573371+00:00
NR-PPAR-gamma,pubchem,BernoulliNB,smote,f1_weighted,{'alpha': 0.1},0.0707509370871843,1678,0.9779499404052444,0.9697170420919232,0.5431997939888902,0.6648396264717824,0.0707509370871843,0.7736698785085881,0.7736147475113669,0.7736147475113669,0.8555918772768779,0.846524927010807,9548.0,0.8241379310344827,0.861974656525591,0.523618651559128,0.5061602997045167,0.0955822015733892,870.0,0.1359097957611084,0.1291372776031494,2026-04-21T14:23:15.661888+00:00
NR-PPAR-gamma,pubchem,BernoulliNB,smoteenn,f1_weighted,{'alpha': 0.1},0.0705001364960874,1678,0.9791418355184744,0.9704209837887504,0.5460061996088527,0.6596291785085937,0.0705001364960874,0.7783743946093914,0.7783451105105481,0.7783557981378633,0.861899140915352,0.8509642523528277,9498.0,0.828735632183908,0.8648082385096818,0.5266818804198996,0.504893942591811,0.0958291469827147,870.0,0.1532998085021972,0.2304661273956298,2026-04-21T14:23:17.755963+00:00
NR-PPAR-gamma,pubchem,LogisticRegression,smoten,f1_weighted,"{'C': 0.001, 'l1_ratio': 1.0}",0.0214541120381406,1678,0.9785458879618594,0.9679351494176948,0.494578313253012,0.5,0.0214541120381406,0.5,0.3333333333333333,0.3333333333333333,0.5,0.5,9548.0,0.9471264367816092,0.9214075370815183,0.48642266824085,0.5,0.0528735632183908,870.0,0.0882208347320556,0.0813448429107666,2026-04-21T08:50:18.114278+00:00
NR-PPAR-gamma,pubchem,LogisticRegression,smoten_enn,f1_weighted,"{'C': 0.001, 'l1_ratio': 1.0}",0.0214541120381406,1678,0.9785458879618594,0.9679351494176948,0.494578313253012,0.5,0.0214541120381406,0.5051317320918421,0.3390508104051254,0.3356063268892794,0.5,0.4948682679081578,9451.0,0.9471264367816092,0.9214075370815183,0.48642266824085,0.5,0.0528735632183908,870.0,0.1310911178588867,0.0846168994903564,2026-04-21T08:50:23.314889+00:00
NR-PPAR-gamma,rdkit,XGBoost,none,f1_weighted,"{'colsample_bytree': 0.8, 'learning_rate': 0.1, 'max_depth': 3, 'min_child_weight': 1, 'n_estimators': 200, 'scale_pos_weight': 8, 'subsample': 0.8}",0.13220352936773347,1678,0.9791418355184743,0.9693864657229774,0.5217543545353127,0.7374983082961158,0.13220352936773347,0.9945043761449216,0.9946057948089139,0.9518716577540107,0.9994778370851705,0.9835527546896006,4913.0,0.9413793103448276,0.9255607850799894,0.5526270682301697,0.5067802870409455,0.12076835591913862,870.0,2.7003941535949707,2.675440788269043,2026-04-30T02:48:52.528190+00:00
NR-PPAR-gamma,rdkit,XGBoost,random_over,f1_weighted,"{'colsample_bytree': 0.8, 'learning_rate': 0.05, 'max_depth': 3, 'min_child_weight': 10, 'n_estimators': 200, 'scale_pos_weight': 1, 'subsample': 0.8}",0.10294972613987195,1678,0.9767580452920143,0.9698802237206207,0.5607772072888352,0.7470141426444715,0.10294972613987195,0.9735023041474654,0.9735020922555967,0.9735020922555966,0.9968263674782182,0.9965564862493811,9548.0,0.9275862068965517,0.9219114872714764,0.5823013435554303,0.5020314478682989,0.11834766154940166,870.0,5.134216785430908,5.11249303817749,2026-04-30T02:49:40.516611+00:00
NR-PPAR-gamma,rdkit,XGBoost,random_under,f1_weighted,"{'colsample_bytree': 0.8, 'learning_rate': 0.05, 'max_depth': 5, 'min_child_weight': 5, 'n_estimators': 100, 'scale_pos_weight': 1, 'subsample': 0.8}",0.10229432921290932,1678,0.9791418355184743,0.9704209837887504,0.5460061996088527,0.7323132358911896,0.10229432921290932,0.9616306954436451,0.9610845295055822,0.9556618819776714,0.9871901040318825,0.9834170162062473,417.0,0.8517241379310345,0.8793739877589682,0.5484265544338534,0.6568436048965809,0.135284611006161,870.0,0.23772287368774414,0.21320605278015137,2026-04-30T02:49:44.862202+00:00
NR-PPAR-gamma,rdkit,LogisticRegression,smote,f1_weighted,"{'C': 0.001, 'l1_ratio': 1.0}",0.0214541120381406,1678,0.9785458879618594,0.9679351494176948,0.494578313253012,0.5,0.0214541120381406,0.5,0.3333333333333333,0.3333333333333333,0.5,0.5,9548.0,0.9471264367816092,0.9214075370815183,0.48642266824085,0.5,0.0528735632183908,870.0,0.324502944946289,0.2307949066162109,2026-04-21T08:50:33.514076+00:00
NR-PPAR-gamma,rdkit,LogisticRegression,smoteenn,f1_weighted,"{'C': 0.001, 'l1_ratio': 1.0}",0.0214541120381406,1678,0.9785458879618594,0.9679351494176948,0.494578313253012,0.5,0.0214541120381406,0.5031088628938771,0.3367933410159671,0.3347121923858935,0.5,0.4968911371061228,9489.0,0.9471264367816092,0.9214075370815183,0.48642266824085,0.5,0.0528735632183908,870.0,0.2627770900726318,0.211294412612915,2026-04-21T08:50:34.175268+00:00
NR-PPAR-gamma,rdkit,LogisticRegression,smoten,f1_weighted,"{'C': 0.001, 'l1_ratio': 1.0}",0.0214541120381406,1678,0.9785458879618594,0.9679351494176948,0.494578313253012,0.5,0.0214541120381406,0.5,0.3333333333333333,0.3333333333333333,0.5,0.5,9548.0,0.9471264367816092,0.9214075370815183,0.48642266824085,0.5,0.0528735632183908,870.0,0.3057420253753662,0.2374930381774902,2026-04-21T08:50:39.328946+00:00
NR-PPAR-gamma,rdkit,LogisticRegression,smoten_enn,f1_weighted,"{'C': 0.001, 'l1_ratio': 1.0}",0.0214541120381406,1678,0.9785458879618594,0.9679351494176948,0.494578313253012,0.5,0.0214541120381406,0.5050248598328573,0.3389314234683434,0.3355591480986856,0.5,0.4949751401671427,9453.0,0.9471264367816092,0.9214075370815183,0.48642266824085,0.5,0.0528735632183908,870.0,0.2632310390472412,0.2233600616455078,2026-04-21T08:50:39.821668+00:00
NR-PPAR-gamma,topological_torsion,XGBoost,none,f1_weighted,"{'colsample_bytree': 0.8, 'learning_rate': 0.1, 'max_depth': 5, 'min_child_weight': 1, 'n_estimators': 100, 'scale_pos_weight': 8, 'subsample': 0.8}",0.3920169290101838,1678,0.9833134684147795,0.9786632457152914,0.6914225666622882,0.79659798348897,0.3920169290101838,0.9916547934052514,0.9916980293193577,0.9248985420251329,0.9977794890187556,0.9253349241778065,4913.0,0.9425287356321839,0.9277504105090312,0.5684523809523809,0.6203039257070494,0.12693099996574392,870.0,1.4990198612213135,1.4502687454223633,2026-04-30T02:53:13.587279+00:00
NR-PPAR-gamma,topological_torsion,XGBoost,random_over,f1_weighted,"{'colsample_bytree': 0.8, 'learning_rate': 0.1, 'max_depth': 5, 'min_child_weight': 5, 'n_estimators': 200, 'scale_pos_weight': 1, 'subsample': 0.8}",0.42460440835436847,1678,0.9839094159713945,0.9796907887344817,0.7086861750352038,0.7572912437406956,0.42460440835436847,0.9879555927943025,0.9879538452858029,0.987953845285803,0.9987531523303244,0.9983753765468288,9548.0,0.9149425287356322,0.9121296835904762,0.5473974297685666,0.5715755593077247,0.11717896679442885,870.0,4.2417120933532715,4.362527132034302,2026-04-30T02:53:31.536480+00:00
NR-PPAR-gamma,topological_torsion,BernoulliNB,random_under,f1_weighted,{'alpha': 10.0},0.0406096803890064,1678,0.9785458879618594,0.9679351494176948,0.494578313253012,0.6669627148463932,0.0406096803890064,0.6690647482014388,0.5388637299300124,0.4077192260189378,0.7490036747580354,0.5828528614546744,417.0,0.9471264367816092,0.9214075370815183,0.48642266824085,0.720108695652174,0.1047880693453365,870.0,0.0577819347381591,0.0127632617950439,2026-04-21T14:23:44.721648+00:00
NR-PPAR-gamma,topological_torsion,LogisticRegression,smote,f1_weighted,"{'C': 0.001, 'l1_ratio': 1.0}",0.0214541120381406,1678,0.9785458879618594,0.9679351494176948,0.494578313253012,0.5,0.0214541120381406,0.5,0.3333333333333333,0.3333333333333333,0.5,0.5,9548.0,0.9471264367816092,0.9214075370815183,0.48642266824085,0.5,0.0528735632183908,870.0,0.1904430389404297,0.1353840827941894,2026-04-21T08:50:46.723167+00:00
NR-PPAR-gamma,topological_torsion,LogisticRegression,smoteenn,f1_weighted,"{'C': 0.001, 'l1_ratio': 1.0}",0.0214541120381406,1678,0.9785458879618594,0.9679351494176948,0.494578313253012,0.5,0.0214541120381406,0.5025263157894737,0.3361441266048686,0.3344542524870393,0.5,0.4974736842105263,9500.0,0.9471264367816092,0.9214075370815183,0.48642266824085,0.5,0.0528735632183908,870.0,0.1584298610687255,0.1531441211700439,2026-04-21T08:50:49.788305+00:00
NR-PPAR-gamma,topological_torsion,LogisticRegression,smoten,f1_weighted,"{'C': 0.001, 'l1_ratio': 1.0}",0.0214541120381406,1678,0.9785458879618594,0.9679351494176948,0.494578313253012,0.5,0.0214541120381406,0.5,0.3333333333333333,0.3333333333333333,0.5,0.5,9548.0,0.9471264367816092,0.9214075370815183,0.48642266824085,0.5,0.0528735632183908,870.0,0.1407279968261718,0.1498849391937255,2026-04-21T08:50:50.682504+00:00
NR-PPAR-gamma,topological_torsion,LogisticRegression,smoten_enn,f1_weighted,"{'C': 0.001, 'l1_ratio': 1.0}",0.0214541120381406,1678,0.9785458879618594,0.9679351494176948,0.494578313253012,0.5,0.0214541120381406,0.5050782903089294,0.3389911089462714,0.3355827358357936,0.5,0.4949217096910707,9452.0,0.9471264367816092,0.9214075370815183,0.48642266824085,0.5,0.0528735632183908,870.0,0.1433000564575195,0.1173467636108398,2026-04-21T08:50:51.423835+00:00
SR-ARE,atom_pair,XGBoost,none,f1_weighted,"{'colsample_bytree': 0.8, 'learning_rate': 0.1, 'max_depth': 7, 'min_child_weight': 5, 'n_estimators': 200, 'scale_pos_weight': 4, 'subsample': 0.8}",0.17292876323245648,1539,0.9090318388564003,0.8789387730743863,0.5385109664153529,0.6343077858370718,0.17292876323245648,0.9878690775921264,0.9879721057162704,0.9797151374813069,0.9979524312361275,0.9896933945060056,4369.0,0.832274459974587,0.8241111413951026,0.6861510574018127,0.8112497240008832,0.48555735061201993,787.0,3.2566959857940674,3.232987880706787,2026-04-30T02:56:27.576146+00:00
SR-ARE,atom_pair,XGBoost,random_over,f1_weighted,"{'colsample_bytree': 0.8, 'learning_rate': 0.1, 'max_depth': 7, 'min_child_weight': 10, 'n_estimators': 200, 'scale_pos_weight': 1, 'subsample': 0.8}",0.17185934819718668,1539,0.907732293697206,0.8799526501782896,0.5479072884946379,0.6398997945578802,0.17185934819718668,0.976442709785336,0.9764419403281033,0.9764419403281033,0.9952158963279177,0.9945608656254507,7174.0,0.7992376111817027,0.8008758961054413,0.6624408200495157,0.8047030249503201,0.4496488870166727,787.0,4.4770660400390625,4.5594117641448975,2026-04-30T02:57:01.515806+00:00
SR-ARE,atom_pair,XGBoost,random_under,f1_weighted,"{'colsample_bytree': 0.8, 'learning_rate': 0.1, 'max_depth': 5, 'min_child_weight': 1, 'n_estimators': 100, 'scale_pos_weight': 1, 'subsample': 0.8}",0.16439142841633891,1539,0.9083820662768031,0.8766312301251761,0.5268198440024684,0.6497342878705294,0.16439142841633891,0.9394714407502132,0.9382894796328949,0.9294020412315205,0.9805551376560854,0.9705210550098963,2346.0,0.7992376111817027,0.80242326018257,0.6678295898959246,0.7908147493928019,0.4593898268593235,787.0,0.8975579738616943,0.8652739524841309,2026-04-30T02:57:57.709264+00:00
SR-ARE,atom_pair,LogisticRegression,smote,f1_weighted,"{'C': 0.01, 'l1_ratio': 1.0}",0.1157480410276878,1539,0.894087069525666,0.8707757563204165,0.53128801113592,0.5673216007714561,0.1157480410276878,0.7139671034290493,0.7139553429027112,0.7139553429027113,0.7765715553229458,0.7675962164081437,7174.0,0.7115628970775095,0.7392312522608623,0.6150909329868809,0.7214396113932435,0.404302651804387,787.0,0.1994211673736572,0.1594269275665283,2026-04-21T08:51:01.634488+00:00
SR-ARE,atom_pair,LogisticRegression,smoteenn,f1_weighted,"{'C': 0.001, 'l1_ratio': 1.0}",0.0883690708252111,1539,0.9116309291747888,0.869488914773779,0.4768864717878994,0.5,0.0883690708252111,0.5194786386676321,0.3551982228175365,0.3418795272588639,0.5,0.4805213613323678,6905.0,0.8221092757306226,0.7418475612241462,0.4511854951185495,0.5,0.1778907242693773,787.0,0.1271891593933105,0.0991029739379882,2026-04-21T08:51:02.758549+00:00
SR-ARE,atom_pair,DecisionTree,smoten,f1_weighted,"{'ccp_alpha': 0.01, 'criterion': 'gini', 'max_depth': 10, 'min_samples_leaf': 10}",0.1260200561461938,1539,0.9051332033788174,0.8783369218297667,0.5454850716077353,0.5677723156261791,0.1260200561461938,0.7166155561750767,0.7163884686820146,0.7163884686820146,0.7459797946134669,0.6936787812385565,7174.0,0.6772554002541296,0.7083566726403777,0.5700378559752215,0.6007120777213513,0.2659364863730806,787.0,1.2554397583007812,1.1685490608215332,2026-04-22T10:08:39.220722+00:00
SR-ARE,atom_pair,DecisionTree,smoten_enn,f1_weighted,"{'ccp_alpha': 0.01, 'criterion': 'gini', 'max_depth': 10, 'min_samples_leaf': 10}",0.1258035153598562,1539,0.8992852501624431,0.877876121238765,0.5587541642234706,0.5651728439059158,0.1258035153598562,0.7459016393442623,0.7445682325381595,0.7452253292639335,0.7848586940600001,0.7126835980153663,6832.0,0.6747141041931385,0.7054773471546025,0.5636867636867637,0.5875745197615367,0.2783341425395327,787.0,1.5394370555877686,1.088440179824829,2026-04-22T10:08:46.234850+00:00
SR-ARE,avalon,DecisionTree,none,f1_weighted,"{'ccp_alpha': 0.0, 'criterion': 'gini', 'max_depth': 5, 'min_samples_leaf': 50}",0.1442617140715143,1539,0.9005847953216374,0.8801836135278777,0.568758344459279,0.6114366273950778,0.1442617140715143,0.6660563057907988,0.7045039380524889,0.6018915607984063,0.7510611279578072,0.3555412261208288,4369.0,0.6467598475222364,0.6868938086570793,0.5685919581026296,0.6873592404504305,0.2977253342261037,787.0,0.0926172733306884,0.0817110538482666,2026-04-22T10:09:34.431063+00:00
SR-ARE,avalon,XGBoost,random_over,f1_weighted,"{'colsample_bytree': 0.8, 'learning_rate': 0.1, 'max_depth': 7, 'min_child_weight': 1, 'n_estimators': 200, 'scale_pos_weight': 1, 'subsample': 0.8}",0.21089746551072736,1539,0.9116309291747888,0.8753978595671074,0.5110542151787549,0.7270135424091233,0.21089746551072736,0.9974909395037636,0.9974909270233059,0.9974909270233059,0.9998637943028946,0.999845705268378,7174.0,0.818297331639136,0.800660045985749,0.6319411058675013,0.7810112607639655,0.4313217766524824,787.0,1.70670485496521,1.6549019813537598,2026-04-30T03:00:45.909503+00:00
SR-ARE,avalon,DecisionTree,random_under,f1_weighted,"{'ccp_alpha': 0.0, 'criterion': 'gini', 'max_depth': 5, 'min_samples_leaf': 20}",0.1365153679221372,1539,0.8914879792072774,0.8763246973638761,0.5713742514021357,0.6184593937361117,0.1365153679221372,0.658994032395567,0.6670594699236297,0.6555078725849024,0.7669478221623355,0.5874177195518232,2346.0,0.5641677255400254,0.6143490035429707,0.5161176987263945,0.6547140649149924,0.2862852657913953,787.0,0.053253173828125,0.0433199405670166,2026-04-22T10:09:42.947907+00:00
SR-ARE,avalon,DecisionTree,smote,f1_weighted,"{'ccp_alpha': 0.01, 'criterion': 'entropy', 'max_depth': 5, 'min_samples_leaf': 10}",0.1153030965916094,1539,0.9083820662768032,0.8775993596447066,0.5324516666989858,0.5542534904196889,0.1153030965916094,0.6201561193197658,0.6052291818957056,0.6052291818957056,0.6749888023761423,0.6475696863148444,7174.0,0.7598475222363406,0.7656884135048163,0.6098288412354909,0.7102395672333848,0.3020347866977834,787.0,0.1636199951171875,0.1532809734344482,2026-04-22T10:09:47.276759+00:00
SR-ARE,avalon,DecisionTree,smoteenn,f1_weighted,"{'ccp_alpha': 0.01, 'criterion': 'gini', 'max_depth': 5, 'min_samples_leaf': 10}",0.1098436866149103,1539,0.898635477582846,0.8751478912136079,0.5444948697711128,0.5546648987463838,0.1098436866149103,0.6602641056422569,0.6605229738590749,0.6588303739798806,0.6974445690432871,0.6013590086301553,6664.0,0.6747141041931385,0.7087844201366398,0.5817722864354988,0.6314694192978583,0.2560506714509279,787.0,0.1619510650634765,0.1482830047607422,2026-04-22T10:09:51.197258+00:00
SR-ARE,avalon,XGBoost,smoten,f1_weighted,"{'colsample_bytree': 0.8, 'learning_rate': 0.1, 'max_depth': 5, 'min_child_weight': 10, 'n_estimators': 200, 'scale_pos_weight': 1, 'subsample': 0.8}",0.1317613437739323,1539,0.9057829759584145,0.8721092773301695,0.5074547802191739,0.6531303718921639,0.1317613437739323,0.9594368553108448,0.9594366779763227,0.9594366779763226,0.9906669757881842,0.9904559159765184,7174.0,0.8106734434561627,0.79812408299869,0.634982397051545,0.7308456612938838,0.3922673223693257,787.0,1.1813650131225586,1.1153500080108643,2026-04-30T03:01:44.015525+00:00
SR-ARE,avalon,XGBoost,smoten_enn,f1_weighted,"{'colsample_bytree': 0.8, 'learning_rate': 0.1, 'max_depth': 5, 'min_child_weight': 10, 'n_estimators': 200, 'scale_pos_weight': 1, 'subsample': 0.8}",0.1192330804378473,1539,0.9090318388564003,0.8739332900151614,0.5094262295081967,0.5706338308666303,0.1192330804378473,0.9773400473933649,0.977349480427238,0.977271426695975,0.9966737441815298,0.9953985986874155,6752.0,0.8055908513341804,0.7729790482652735,0.563685577936972,0.7217928902627513,0.35380791931067274,787.0,1.0563280582427979,1.025679111480713,2026-04-30T03:01:51.017001+00:00
SR-ARE,erg,KNeighbors,none,f1_weighted,"{'n_neighbors': 15, 'weights': 'uniform'}",0.1011371231030798,1539,0.912280701754386,0.8710746181715455,0.4843478929903677,0.5362589618883904,0.1011371231030798,0.8349736781872282,0.7999909896305654,0.6094542102102951,0.8148603546338475,0.4428079108919273,4369.0,0.8271918678526048,0.7731852163475539,0.5371389033039267,0.7335725325678958,0.3727388728516655,787.0,0.0863292217254638,0.0037360191345214,2026-04-24T03:58:42.862486+00:00
SR-ARE,erg,XGBoost,random_over,f1_weighted,"{'colsample_bytree': 0.8, 'learning_rate': 0.1, 'max_depth': 7, 'min_child_weight': 5, 'n_estimators': 100, 'scale_pos_weight': 1, 'subsample': 0.8}",0.09189768070802558,1539,0.9109811565951916,0.8704072114565689,0.4838869972412679,0.49893348287283557,0.09189768070802558,0.9013102871480345,0.9012903328117732,0.9012903328117732,0.9672969538343905,0.9680958413897152,7174.0,0.7852604828462516,0.7883985821934937,0.6437607304615204,0.7353389269154339,0.4051777074181467,787.0,0.5881991386413574,0.5659887790679932,2026-04-30T03:01:57.050348+00:00
SR-ARE,erg,XGBoost,random_under,f1_weighted,"{'colsample_bytree': 0.8, 'learning_rate': 0.05, 'max_depth': 5, 'min_child_weight': 10, 'n_estimators': 200, 'scale_pos_weight': 1, 'subsample': 0.8}",0.09751349748578014,1539,0.9122807017543859,0.8710746181715455,0.48434789299036773,0.5047849146786298,0.09751349748578014,0.8482523444160273,0.8420223166719355,0.8166479328392287,0.9050940764385371,0.855912596919441,2346.0,0.7928843710292249,0.7974333143631819,0.6617677690504629,0.7402351512475159,0.4125487430405594,787.0,0.3051478862762451,0.31200718879699707,2026-04-30T03:02:05.285607+00:00
SR-ARE,erg,RandomForest,smote,f1_weighted,"{'max_depth': 15, 'max_features': 'log2', 'min_samples_leaf': 5, 'n_estimators': 200}",0.100483048763695,1539,0.9116309291747888,0.8707409579081512,0.4841171251109139,0.5363401953796487,0.100483048763695,0.8911346529132981,0.8909243592745862,0.8909243592745864,0.9599752661334968,0.9632849731333684,7174.0,0.8157560355781448,0.8154969859277765,0.6841588131910712,0.7651468315301391,0.4197464110711698,787.0,0.5884289741516113,0.4317922592163086,2026-04-21T18:46:44.365329+00:00
SR-ARE,erg,DecisionTree,smoteenn,f1_weighted,"{'ccp_alpha': 0.0, 'criterion': 'gini', 'max_depth': 10, 'min_samples_leaf': 20}",0.1040359560019184,1539,0.9064327485380116,0.8714169794502203,0.5017088174982912,0.5376294494989728,0.1040359560019184,0.8536050156739812,0.8540154687382447,0.8522633196359584,0.935506405106318,0.9184596573640564,6380.0,0.7242693773824651,0.7346277113327756,0.5652188302744703,0.6058015014351954,0.2560000888080554,787.0,0.1733031272888183,0.1797819137573242,2026-04-22T10:10:32.604370+00:00
SR-ARE,erg,DecisionTree,smoten,f1_weighted,"{'ccp_alpha': 0.01, 'criterion': 'entropy', 'max_depth': 10, 'min_samples_leaf': 10}",0.0918430113563585,1539,0.9116309291747888,0.869488914773779,0.4768864717878994,0.5196663661900969,0.0918430113563585,0.706718706439922,0.6970129042696138,0.6970129042696138,0.7703079585552295,0.7390634430016065,7174.0,0.8005082592121983,0.7820762988240899,0.5988409279070145,0.6123316405387502,0.2568597293640645,787.0,0.1160860061645507,0.1129019260406494,2026-04-22T10:10:33.107305+00:00
SR-ARE,erg,RandomForest,smoten_enn,f1_weighted,"{'max_depth': 10, 'max_features': 'sqrt', 'min_samples_leaf': 5, 'n_estimators': 200}",0.0909970110726216,1539,0.9103313840155944,0.8700733757091466,0.4836574929495283,0.5033122300951742,0.0909970110726216,0.9061279918519776,0.9067841725696828,0.9029747614347696,0.9707661056128613,0.9529865381778267,5891.0,0.7992376111817027,0.7709287406176367,0.565891635246474,0.6283671892249945,0.312657314248907,787.0,0.5859189033508301,0.4797968864440918,2026-04-21T18:46:56.859222+00:00
SR-ARE,estate,XGBoost,none,f1_weighted,"{'colsample_bytree': 0.8, 'learning_rate': 0.05, 'max_depth': 7, 'min_child_weight': 1, 'n_estimators': 200, 'scale_pos_weight': 4, 'subsample': 0.8}",0.21905994775177184,1539,0.9057829759584145,0.8835783493452273,0.5744216249616196,0.6979922225483208,0.21905994775177184,0.9331654840924697,0.9352459188524332,0.8935629224117332,0.9743215233754743,0.9176262089751771,4369.0,0.7776365946632783,0.7859900897844964,0.6493700244148953,0.7731287259880768,0.4101284228537482,787.0,0.19702601432800293,0.18870925903320312,2026-04-30T03:02:47.449204+00:00
SR-ARE,estate,XGBoost,random_over,f1_weighted,"{'colsample_bytree': 0.8, 'learning_rate': 0.1, 'max_depth': 5, 'min_child_weight': 1, 'n_estimators': 100, 'scale_pos_weight': 1, 'subsample': 0.8}",0.21032323595461272,1539,0.8999350227420403,0.8850549679627168,0.5994030072747925,0.6643772797786256,0.21032323595461272,0.85321996097017,0.8532160565256632,0.8532160565256632,0.9277558764889071,0.9320093630589551,7174.0,0.7280813214739518,0.7509894385725477,0.6219403789171232,0.7661956281739899,0.41543741551806457,787.0,0.1196742057800293,0.10605907440185547,2026-04-30T03:03:01.174523+00:00
SR-ARE,estate,BernoulliNB,random_under,f1_weighted,{'alpha': 0.1},0.2334462121183677,1539,0.9070825211176088,0.8804124125480112,0.5523441838326679,0.6718533814095845,0.2334462121183677,0.680306905370844,0.5757418011452369,0.46121811556481,0.7170658878474108,0.5570660000731767,2346.0,0.806861499364676,0.7445911691183957,0.4770398349246318,0.6587105321262972,0.2547426554341958,787.0,0.0054080486297607,0.0008552074432373,2026-04-21T14:24:39.321212+00:00
SR-ARE,estate,DecisionTree,smote,f1_weighted,"{'ccp_alpha': 0.0, 'criterion': 'gini', 'max_depth': 5, 'min_samples_leaf': 50}",0.1442845463573344,1539,0.894087069525666,0.8773580438964588,0.5701743414007282,0.6335897865917571,0.1442845463573344,0.7644270978533594,0.7643212980723662,0.7643212980723662,0.8451786175475373,0.8387359569564181,7174.0,0.6988564167725541,0.7225865528625264,0.5740534788178847,0.7011150364318834,0.2877426290132659,787.0,0.0252418518066406,0.0249710083007812,2026-04-22T10:10:44.781670+00:00
SR-ARE,estate,LogisticRegression,smoteenn,f1_weighted,"{'C': 1, 'l1_ratio': 1.0}",0.2227536708127609,1539,0.8888888888888888,0.8781991665693034,0.590031545741325,0.6246593434237557,0.2227536708127609,0.7195012019230769,0.7197439521156983,0.7183310914440371,0.7825291050018335,0.707124606666875,6656.0,0.7052096569250318,0.7368119555575476,0.6255455291222314,0.7251379995584014,0.3453745627224551,787.0,0.0479729175567626,0.0348269939422607,2026-04-21T08:51:26.926091+00:00
SR-ARE,estate,LogisticRegression,smoten,f1_weighted,"{'C': 0.001, 'l1_ratio': 1.0}",0.0883690708252111,1539,0.9116309291747888,0.869488914773779,0.4768864717878994,0.5,0.0883690708252111,0.5,0.3333333333333333,0.3333333333333333,0.5,0.5,7174.0,0.8221092757306226,0.7418475612241462,0.4511854951185495,0.5,0.1778907242693773,787.0,0.0108380317687988,0.0051400661468505,2026-04-21T08:51:27.522197+00:00
SR-ARE,estate,LogisticRegression,smoten_enn,f1_weighted,"{'C': 0.001, 'l1_ratio': 1.0}",0.0883690708252111,1539,0.9116309291747888,0.869488914773779,0.4768864717878994,0.5,0.0883690708252111,0.5550913030021665,0.3962807252201754,0.3569509403920788,0.5,0.4449086969978335,6462.0,0.8221092757306226,0.7418475612241462,0.4511854951185495,0.5,0.1778907242693773,787.0,0.0102627277374267,0.0044901371002197,2026-04-21T08:51:27.934531+00:00
SR-ARE,fcfp,XGBoost,none,f1_weighted,"{'colsample_bytree': 0.8, 'learning_rate': 0.05, 'max_depth': 5, 'min_child_weight': 5, 'n_estimators': 200, 'scale_pos_weight': 4, 'subsample': 0.8}",0.20251396777567252,1539,0.9018843404808317,0.8802891975729011,0.565794415224073,0.7036838078068006,0.20251396777567252,0.8551155870908674,0.8634609544551252,0.7835675911215332,0.9096629488270017,0.7395247556639066,4369.0,0.770012706480305,0.7795929732300443,0.640815966312392,0.7487966438507397,0.40997075159829205,787.0,2.2040300369262695,2.2651541233062744,2026-04-30T03:03:14.897422+00:00
SR-ARE,fcfp,RandomForest,random_over,f1_weighted,"{'max_depth': 10, 'max_features': 'sqrt', 'min_samples_leaf': 20, 'n_estimators': 100}",0.213333297536743,1539,0.9103313840155944,0.8797329600323952,0.539661002254205,0.6963177644543206,0.213333297536743,0.7313911346529133,0.730574344686016,0.730574344686016,0.8130372984437422,0.8025442849773208,7174.0,0.7560355781448539,0.7700340799324215,0.6335486875036378,0.7299514241554428,0.3896377633448702,787.0,1.4474871158599854,1.1380810737609863,2026-04-21T18:47:42.268909+00:00
SR-ARE,fcfp,XGBoost,random_under,f1_weighted,"{'colsample_bytree': 0.8, 'learning_rate': 0.05, 'max_depth': 7, 'min_child_weight': 1, 'n_estimators': 100, 'scale_pos_weight': 1, 'subsample': 0.8}",0.19062448253499067,1539,0.9090318388564003,0.8789387730743863,0.5385109664153529,0.7099361661984822,0.19062448253499067,0.8516624040920716,0.8409687741365993,0.8123303541873552,0.9252952459756282,0.8842493979524977,2346.0,0.8195679796696315,0.8086993579100542,0.6556329347960064,0.743353941267388,0.40780862122022354,787.0,0.8192000389099121,0.753777027130127,2026-04-30T03:03:17.947279+00:00
SR-ARE,fcfp,LogisticRegression,smote,f1_weighted,"{'C': 0.001, 'l1_ratio': 1.0}",0.0883690708252111,1539,0.9116309291747888,0.869488914773779,0.4768864717878994,0.5,0.0883690708252111,0.5,0.3333333333333333,0.3333333333333333,0.5,0.5,7174.0,0.8221092757306226,0.7418475612241462,0.4511854951185495,0.5,0.1778907242693773,787.0,0.1233551502227783,0.0947661399841308,2026-04-21T08:51:32.160647+00:00
SR-ARE,fcfp,LogisticRegression,smoteenn,f1_weighted,"{'C': 0.001, 'l1_ratio': 1.0}",0.0883690708252111,1539,0.9116309291747888,0.869488914773779,0.4768864717878994,0.5,0.0883690708252111,0.5335415737022162,0.371253855454869,0.3479146459747818,0.5,0.4664584262977837,6723.0,0.8221092757306226,0.7418475612241462,0.4511854951185495,0.5,0.1778907242693773,787.0,0.1436731815338134,0.1057662963867187,2026-04-21T08:51:33.140956+00:00
SR-ARE,fcfp,DecisionTree,smoten,f1_weighted,"{'ccp_alpha': 0.001, 'criterion': 'entropy', 'max_depth': 10, 'min_samples_leaf': 10}",0.1288785426636516,1539,0.9005847953216374,0.8729523614103485,0.5263157894736842,0.5886833885371683,0.1288785426636516,0.8224142737663785,0.8223466176901303,0.8223466176901302,0.8654828260743016,0.8265510119866262,7174.0,0.772554002541296,0.7635601665508673,0.581165172664972,0.5974276882313977,0.2505283377960535,787.0,1.4208860397338867,1.6913752555847168,2026-04-22T10:11:07.069416+00:00
SR-ARE,fcfp,LogisticRegression,smoten_enn,f1_weighted,"{'C': 0.001, 'l1_ratio': 1.0}",0.0883690708252111,1539,0.9116309291747888,0.869488914773779,0.4768864717878994,0.5,0.0883690708252111,0.5376199040767387,0.3759513784819693,0.349644214835754,0.5,0.4623800959232614,6672.0,0.8221092757306226,0.7418475612241462,0.4511854951185495,0.5,0.1778907242693773,787.0,0.1155810356140136,0.0860590934753418,2026-04-21T08:51:35.644139+00:00
SR-ARE,klekota_roth,XGBoost,none,f1_weighted,"{'colsample_bytree': 0.8, 'learning_rate': 0.05, 'max_depth': 5, 'min_child_weight': 1, 'n_estimators': 100, 'scale_pos_weight': 1, 'subsample': 0.8}",0.1184459717236075,1539,0.9116309291747888,0.8731366978920084,0.497965997620601,0.6057004947381661,0.1184459717236075,0.8509956511787594,0.806129380212795,0.6079405769694404,0.894504487289637,0.7334014997880878,4369.0,0.818297331639136,0.7510045043883274,0.48236306016659536,0.729890704349746,0.33500881454646536,787.0,3.9934489727020264,3.550523042678833,2026-04-30T03:05:06.490598+00:00
SR-ARE,klekota_roth,DecisionTree,random_over,f1_weighted,"{'ccp_alpha': 0.01, 'criterion': 'gini', 'max_depth': 5, 'min_samples_leaf': 10}",0.0883690708252111,1539,0.9116309291747888,0.869488914773779,0.4768864717878994,0.5,0.0883690708252111,0.5,0.3333333333333333,0.3333333333333333,0.5,0.5,7174.0,0.8221092757306226,0.7418475612241462,0.4511854951185495,0.5,0.1778907242693773,787.0,1.2850918769836426,0.9794390201568604,2026-04-22T10:12:18.964532+00:00
SR-ARE,klekota_roth,BernoulliNB,random_under,f1_weighted,{'alpha': 10.0},0.0994835390373076,1539,0.9116309291747888,0.869488914773779,0.4768864717878994,0.5456872877447486,0.0994835390373076,0.6670929241261722,0.534321196753603,0.4013794671692891,0.7702718944800204,0.6384438349933412,2346.0,0.8221092757306226,0.7418475612241462,0.4511854951185495,0.7254139986752043,0.3145800420206143,787.0,0.1893908977508545,0.0927598476409912,2026-04-21T14:25:04.210190+00:00
SR-ARE,klekota_roth,LogisticRegression,smote,f1_weighted,"{'C': 0.001, 'l1_ratio': 1.0}",0.0883690708252111,1539,0.9116309291747888,0.869488914773779,0.4768864717878994,0.5,0.0883690708252111,0.5,0.3333333333333333,0.3333333333333333,0.5,0.5,7174.0,0.8221092757306226,0.7418475612241462,0.4511854951185495,0.5,0.1778907242693773,787.0,0.3826098442077636,0.4026999473571777,2026-04-21T08:52:01.647422+00:00
SR-ARE,klekota_roth,LogisticRegression,smoteenn,f1_weighted,"{'C': 0.001, 'l1_ratio': 1.0}",0.0883690708252111,1539,0.9116309291747888,0.869488914773779,0.4768864717878994,0.5,0.0883690708252111,0.5359330643956373,0.3740062066122861,0.3489299610894941,0.5,0.4640669356043627,6693.0,0.8221092757306226,0.7418475612241462,0.4511854951185495,0.5,0.1778907242693773,787.0,0.3103129863739013,0.2343113422393798,2026-04-21T08:52:03.980037+00:00
SR-ARE,klekota_roth,LogisticRegression,smoten,f1_weighted,"{'C': 0.001, 'l1_ratio': 1.0}",0.0883690708252111,1539,0.9116309291747888,0.869488914773779,0.4768864717878994,0.5,0.0883690708252111,0.5,0.3333333333333333,0.3333333333333333,0.5,0.5,7174.0,0.8221092757306226,0.7418475612241462,0.4511854951185495,0.5,0.1778907242693773,787.0,0.2933969497680664,0.2396111488342285,2026-04-21T08:52:06.602920+00:00
SR-ARE,klekota_roth,LogisticRegression,smoten_enn,f1_weighted,"{'C': 0.001, 'l1_ratio': 1.0}",0.0883690708252111,1539,0.9116309291747888,0.869488914773779,0.4768864717878994,0.5,0.0883690708252111,0.5350536992840096,0.3729934154759969,0.348556991546011,0.5,0.4649463007159904,6704.0,0.8221092757306226,0.7418475612241462,0.4511854951185495,0.5,0.1778907242693773,787.0,0.3570079803466797,0.4123451709747314,2026-04-21T08:52:12.143308+00:00
SR-ARE,maccs,XGBoost,none,f1_weighted,"{'colsample_bytree': 0.8, 'learning_rate': 0.05, 'max_depth': 7, 'min_child_weight': 5, 'n_estimators': 200, 'scale_pos_weight': 8, 'subsample': 0.8}",0.20621317364612016,1539,0.8999350227420403,0.8862451210416661,0.6064853556485356,0.6738920799966458,0.20621317364612016,0.910276951247425,0.9164904539542492,0.8701370627504148,0.9875097770650908,0.9317657711880383,4369.0,0.7674714104193139,0.7825174983486,0.6574623085101069,0.771676970633694,0.4381431186676961,787.0,0.3436272144317627,0.33774471282958984,2026-04-30T03:11:44.022128+00:00
SR-ARE,maccs,XGBoost,random_over,f1_weighted,"{'colsample_bytree': 0.8, 'learning_rate': 0.05, 'max_depth': 5, 'min_child_weight': 5, 'n_estimators': 200, 'scale_pos_weight': 1, 'subsample': 0.8}",0.18490297667940758,1539,0.9064327485380117,0.8824620392323248,0.5660986153749765,0.6495639595824075,0.18490297667940758,0.8983830499024255,0.8983239225756059,0.8983239225756059,0.9580128160040178,0.9524055144915754,7174.0,0.7598475222363406,0.7738306002054034,0.6400679486900276,0.7603278869507617,0.4328036079547334,787.0,0.4067349433898926,0.3948371410369873,2026-04-30T03:12:09.822290+00:00
SR-ARE,maccs,XGBoost,random_under,f1_weighted,"{'colsample_bytree': 0.8, 'learning_rate': 0.1, 'max_depth': 7, 'min_child_weight': 1, 'n_estimators': 100, 'scale_pos_weight': 1, 'subsample': 0.8}",0.17904819101259234,1539,0.9096816114359974,0.8742989536519139,0.509828812087411,0.6766749821810405,0.17904819101259234,0.9637681159420289,0.963703283255386,0.9590942686231234,0.991058813717859,0.9842547075938699,2346.0,0.783989834815756,0.7857525464425635,0.636803413977327,0.7524232722455287,0.42495144312549976,787.0,0.12849831581115723,0.12769579887390137,2026-04-30T03:12:12.500715+00:00
SR-ARE,maccs,LogisticRegression,smote,f1_weighted,"{'C': 0.001, 'l1_ratio': 1.0}",0.0883690708252111,1539,0.9116309291747888,0.869488914773779,0.4768864717878994,0.5,0.0883690708252111,0.5,0.3333333333333333,0.3333333333333333,0.5,0.5,7174.0,0.8221092757306226,0.7418475612241462,0.4511854951185495,0.5,0.1778907242693773,787.0,0.0211009979248046,0.0136289596557617,2026-04-21T08:52:19.649158+00:00
SR-ARE,maccs,RandomForest,smoteenn,f1_weighted,"{'max_depth': 10, 'max_features': 'log2', 'min_samples_leaf': 5, 'n_estimators': 200}",0.1304742487779986,1539,0.8992852501624431,0.870377090524068,0.514778660797647,0.6071522158400067,0.1304742487779986,0.8849690939243178,0.8851329134050374,0.8846022167639039,0.9513252880605368,0.9338132999247792,6633.0,0.7890724269377383,0.7896571404194832,0.6414322727971368,0.7375689997792005,0.3853442262873675,787.0,0.3483047485351562,0.3615238666534424,2026-04-21T18:51:09.776932+00:00
SR-ARE,maccs,RandomForest,smoten,f1_weighted,"{'max_depth': 10, 'max_features': 'sqrt', 'min_samples_leaf': 5, 'n_estimators': 200}",0.1320313228403649,1539,0.912280701754386,0.8734879527435863,0.4982939604024949,0.5982689405056392,0.1320313228403649,0.8890437691664344,0.8890343772638097,0.8890343772638098,0.9537234440665574,0.949161587254042,7174.0,0.8157560355781448,0.8103829051656998,0.667005162054667,0.7637613159637889,0.4515321064479279,787.0,0.4014821052551269,0.3199739456176758,2026-04-21T18:51:14.913231+00:00
SR-ARE,maccs,RandomForest,smoten_enn,f1_weighted,"{'max_depth': 10, 'max_features': 'log2', 'min_samples_leaf': 20, 'n_estimators': 200}",0.1287295504794261,1539,0.912280701754386,0.8722990769827503,0.4914214936319063,0.5827821684625383,0.1287295504794261,0.8676689490919917,0.867784229201917,0.8673271185051694,0.9381390017199872,0.921421748241146,6718.0,0.8043202033036849,0.7989406939048875,0.6474178458387637,0.7459152130713181,0.4345345027212134,787.0,0.4229111671447754,0.4479610919952392,2026-04-21T18:51:24.556115+00:00
SR-ARE,map4,XGBoost,none,f1_weighted,"{'colsample_bytree': 0.8, 'learning_rate': 0.1, 'max_depth': 7, 'min_child_weight': 5, 'n_estimators': 100, 'scale_pos_weight': 8, 'subsample': 0.8}",0.17244384011126607,1539,0.9103313840155945,0.877787142205027,0.5283502407305417,0.6568016016099953,0.17244384011126607,0.9903868162050813,0.9904797310066425,0.9839640805471603,0.9996440328352526,0.9982293702379463,4369.0,0.7827191867852605,0.7691972882517583,0.5839107326710633,0.7029697504967984,0.3353675821674902,787.0,1.1315128803253174,1.111867904663086,2026-04-30T03:12:48.158435+00:00
SR-ARE,map4,XGBoost,random_over,f1_weighted,"{'colsample_bytree': 0.8, 'learning_rate': 0.05, 'max_depth': 3, 'min_child_weight': 1, 'n_estimators': 100, 'scale_pos_weight': 1, 'subsample': 0.8}",0.12792480943944712,1539,0.9057829759584145,0.874127001053067,0.5191878841939925,0.5758353947423587,0.12792480943944712,0.8081962642877056,0.8081527852158326,0.8081527852158326,0.8908650006073882,0.9021701238680573,7174.0,0.7217280813214739,0.7450101870882733,0.6123806632257194,0.7037315080591742,0.3663817230848575,787.0,1.042515754699707,1.0134949684143066,2026-04-30T03:12:51.779123+00:00
SR-ARE,map4,XGBoost,random_under,f1_weighted,"{'colsample_bytree': 0.8, 'learning_rate': 0.1, 'max_depth': 7, 'min_child_weight': 5, 'n_estimators': 100, 'scale_pos_weight': 1, 'subsample': 0.8}",0.17009241811993475,1539,0.9103313840155945,0.8746649289850296,0.5102342957291763,0.6324263133621233,0.17009241811993475,0.9774083546462063,0.9772504083627498,0.9742378719319442,0.9973672333383481,0.9954940596669579,2346.0,0.7903430749682337,0.788840599698918,0.6364896073903002,0.7264738352837271,0.41376374526931653,787.0,0.5596890449523926,0.5332248210906982,2026-04-30T03:14:08.514110+00:00
SR-ARE,map4,LogisticRegression,smote,f1_weighted,"{'C': 0.001, 'l1_ratio': 1.0}",0.0883690708252111,1539,0.9116309291747888,0.869488914773779,0.4768864717878994,0.5,0.0883690708252111,0.5,0.3333333333333333,0.3333333333333333,0.5,0.5,7174.0,0.8221092757306226,0.7418475612241462,0.4511854951185495,0.5,0.1778907242693773,787.0,0.1231529712677002,0.0793359279632568,2026-04-21T08:52:37.771886+00:00
SR-ARE,map4,LogisticRegression,smoteenn,f1_weighted,"{'C': 0.001, 'l1_ratio': 1.0}",0.0883690708252111,1539,0.9116309291747888,0.869488914773779,0.4768864717878994,0.5,0.0883690708252111,0.523191365227538,0.359415383907149,0.3434836732739634,0.5,0.4768086347724621,6856.0,0.8221092757306226,0.7418475612241462,0.4511854951185495,0.5,0.1778907242693773,787.0,0.091599702835083,0.061446189880371,2026-04-21T08:52:39.013801+00:00
SR-ARE,map4,LogisticRegression,smoten,f1_weighted,"{'C': 0.001, 'l1_ratio': 1.0}",0.0883690708252111,1539,0.9116309291747888,0.869488914773779,0.4768864717878994,0.5,0.0883690708252111,0.5,0.3333333333333333,0.3333333333333333,0.5,0.5,7174.0,0.8221092757306226,0.7418475612241462,0.4511854951185495,0.5,0.1778907242693773,787.0,0.0859599113464355,0.0788028240203857,2026-04-21T08:52:41.314889+00:00
SR-ARE,map4,LogisticRegression,smoten_enn,f1_weighted,"{'C': 0.001, 'l1_ratio': 1.0}",0.0883690708252111,1539,0.9116309291747888,0.869488914773779,0.4768864717878994,0.5,0.0883690708252111,0.5222011937691076,0.3582891511189344,0.3430566182096404,0.5,0.4777988062308924,6869.0,0.8221092757306226,0.7418475612241462,0.4511854951185495,0.5,0.1778907242693773,787.0,0.0859420299530029,0.0741901397705078,2026-04-21T08:52:43.100680+00:00
SR-ARE,mhfp,BalancedRandomForest,none,f1_weighted,"{'max_depth': 10, 'max_features': 'sqrt', 'min_samples_leaf': 5, 'n_estimators': 100}",0.1472321604104605,1539,0.912280701754386,0.8768555887940839,0.5177866438284628,0.5944981342501363,0.1472321604104605,0.9929045548180362,0.9929547404156212,0.9881005817526556,0.999109992962652,0.9871985758101354,4369.0,0.8170266836086404,0.7783293243024515,0.5650732246476927,0.670501214396114,0.32058422503799,787.0,2.5960500240325928,2.516668796539306,2026-04-21T23:47:33.458377+00:00
SR-ARE,mhfp,XGBoost,random_over,f1_weighted,"{'colsample_bytree': 0.8, 'learning_rate': 0.1, 'max_depth': 5, 'min_child_weight': 5, 'n_estimators': 200, 'scale_pos_weight': 1, 'subsample': 0.8}",0.14884273808702458,1539,0.9122807017543859,0.8734879527435863,0.4982939604024949,0.607576726342711,0.14884273808702458,0.9990242542514636,0.9990242540808332,0.9990242540808332,0.9997705682066447,0.9996796094464023,7174.0,0.8284625158831004,0.780454642889369,0.5571519675882508,0.6846102892470745,0.34460571433614356,787.0,5.86750602722168,5.995321035385132,2026-04-30T03:15:47.562194+00:00
SR-ARE,mhfp,RandomForest,random_under,f1_weighted,"{'max_depth': 10, 'max_features': 'log2', 'min_samples_leaf': 5, 'n_estimators': 100}",0.1501597745550534,1539,0.9135802469135802,0.8753622052955333,0.5057266424706062,0.5712417718334661,0.1501597745550534,0.9970161977834612,0.9970157200702487,0.9966421483380352,0.9990008568756092,0.9923250477356532,2346.0,0.8157560355781448,0.7535281965289284,0.4927884081160966,0.670699933760212,0.2883078699049575,787.0,0.3205509185791015,0.2258119583129882,2026-04-21T18:53:30.308937+00:00
SR-ARE,mhfp,XGBoost,smote,f1_weighted,"{'colsample_bytree': 0.8, 'learning_rate': 0.1, 'max_depth': 5, 'min_child_weight': 1, 'n_estimators': 100, 'scale_pos_weight': 1, 'subsample': 0.8}",0.12204309969510535,1539,0.9083820662768031,0.8702432752296526,0.4897562810820979,0.5719545302083769,0.12204309969510535,0.9976303317535545,0.9976303261823232,0.9976303261823232,0.9998645326504679,0.9998453443118687,7174.0,0.8157560355781448,0.7432316410958661,0.46254562580949016,0.6518436741002429,0.2843557665932652,787.0,3.6284339427948,3.4305012226104736,2026-04-30T03:16:10.789903+00:00
SR-ARE,mhfp,LogisticRegression,smoteenn,f1_weighted,"{'C': 0.001, 'l1_ratio': 1.0}",0.0883690708252111,1539,0.9116309291747888,0.869488914773779,0.4768864717878994,0.5,0.0883690708252111,0.506638418079096,0.3407353530795383,0.3362707415393269,0.5,0.4933615819209039,7080.0,0.8221092757306226,0.7418475612241462,0.4511854951185495,0.5,0.1778907242693773,787.0,0.3349871635437011,0.2395870685577392,2026-04-21T08:53:13.942376+00:00
SR-ARE,mhfp,LogisticRegression,smoten,f1_weighted,"{'C': 0.01, 'l1_ratio': 0.0}",0.1151505875212559,1539,0.9044834307992202,0.8743327249830806,0.5238653463679509,0.5296921512724834,0.1151505875212559,0.9499581823250628,0.9499025805812212,0.9499025805812212,0.9913262424504932,0.9923276361895922,7174.0,0.7928843710292249,0.7630909673041687,0.5503408871829925,0.6752815190991389,0.3017736966435698,787.0,1.842439889907837,1.7759428024291992,2026-04-21T08:53:21.742995+00:00
SR-ARE,mhfp,LogisticRegression,smoten_enn,f1_weighted,"{'C': 0.001, 'l1_ratio': 0.0}",0.0941342193837158,1539,0.9116309291747888,0.869488914773779,0.4768864717878994,0.4957208293153327,0.0941342193837158,0.9248056537102474,0.924612369315002,0.9245510386895874,0.9717815816160804,0.9777159849586666,7075.0,0.820838627700127,0.7753144858885737,0.55122963250549,0.668944579377346,0.3066063815513906,787.0,1.0973901748657229,0.9856219291687012,2026-04-21T08:53:25.414272+00:00
SR-ARE,morgan_2048,XGBoost,none,f1_weighted,"{'colsample_bytree': 0.8, 'learning_rate': 0.1, 'max_depth': 7, 'min_child_weight': 5, 'n_estimators': 200, 'scale_pos_weight': 4, 'subsample': 0.8}",0.2609948432750357,1539,0.9064327485380117,0.8913592845266519,0.6185295859210399,0.6916114628317471,0.2609948432750357,0.925612268253605,0.9283975774188699,0.8832369288144295,0.9738635966622865,0.8963201988061219,4369.0,0.7636594663278272,0.7732662514418599,0.6300121322414316,0.7173658644292339,0.3602604706101008,787.0,2.3407390117645264,2.248518943786621,2026-04-30T03:19:31.361069+00:00
SR-ARE,morgan_2048,XGBoost,random_over,f1_weighted,"{'colsample_bytree': 0.8, 'learning_rate': 0.1, 'max_depth': 7, 'min_child_weight': 5, 'n_estimators': 200, 'scale_pos_weight': 1, 'subsample': 0.8}",0.2209169657636279,1539,0.8921377517868746,0.8814881229651512,0.6003822955250776,0.6663976353192739,0.2209169657636279,0.9273766378589351,0.9273765235607566,0.9273765235607567,0.9781259868112471,0.9754084000730983,7174.0,0.7649301143583227,0.7732664249222095,0.6275247195466698,0.7181000220799293,0.3730749408374855,787.0,3.29343318939209,3.050581932067871,2026-04-30T03:19:51.519290+00:00
SR-ARE,morgan_2048,XGBoost,random_under,f1_weighted,"{'colsample_bytree': 0.8, 'learning_rate': 0.1, 'max_depth': 7, 'min_child_weight': 1, 'n_estimators': 200, 'scale_pos_weight': 1, 'subsample': 0.8}",0.20084040516230797,1539,0.898635477582846,0.8847677849512982,0.6013747758517634,0.6949813425013627,0.20084040516230797,0.9386189258312021,0.9373935881872391,0.9283538331157379,0.9834556779455916,0.9705001962070634,2346.0,0.7509529860228716,0.7600481850071834,0.6063393221723152,0.7093232501655994,0.3456497933811132,787.0,1.2087738513946533,1.1975681781768799,2026-04-30T03:21:08.302919+00:00
SR-ARE,morgan_2048,LogisticRegression,smote,f1_weighted,"{'C': 0.001, 'l1_ratio': 1.0}",0.0883690708252111,1539,0.9116309291747888,0.869488914773779,0.4768864717878994,0.5,0.0883690708252111,0.5,0.3333333333333333,0.3333333333333333,0.5,0.5,7174.0,0.8221092757306226,0.7418475612241462,0.4511854951185495,0.5,0.1778907242693773,787.0,0.1189701557159423,0.084709882736206,2026-04-21T08:53:54.022651+00:00
SR-ARE,morgan_2048,LogisticRegression,smoteenn,f1_weighted,"{'C': 0.001, 'l1_ratio': 1.0}",0.0883690708252111,1539,0.9116309291747888,0.869488914773779,0.4768864717878994,0.5,0.0883690708252111,0.5241852988455356,0.3605470118809082,0.3439117929050815,0.5,0.4758147011544644,6843.0,0.8221092757306226,0.7418475612241462,0.4511854951185495,0.5,0.1778907242693773,787.0,0.1121788024902343,0.0848913192749023,2026-04-21T08:53:54.404295+00:00
SR-ARE,morgan_2048,LogisticRegression,smoten,f1_weighted,"{'C': 1, 'l1_ratio': 1.0}",0.1906151840045871,1539,0.8810916179337231,0.8746044351848986,0.5911816578483244,0.649231164311769,0.1906151840045871,0.941734039587399,0.941726793123248,0.941726793123248,0.9864719957589316,0.9875119168362662,7174.0,0.7636594663278272,0.7643146272170114,0.59823134180884,0.6383528372709207,0.2950643908690958,787.0,0.224703311920166,0.202024221420288,2026-04-21T08:53:57.012665+00:00
SR-ARE,morgan_2048,LogisticRegression,smoten_enn,f1_weighted,"{'C': 0.01, 'l1_ratio': 1.0}",0.116341990696368,1539,0.9116309291747888,0.8742834009460018,0.504601226993865,0.5476788184981762,0.116341990696368,0.807925476859382,0.8079975295389222,0.8073674518518782,0.8821162903544074,0.8674939071711876,6763.0,0.7395171537484116,0.7503677321113761,0.5931893541107203,0.6221461691322588,0.2597970598733493,787.0,0.1167061328887939,0.1040239334106445,2026-04-21T08:54:03.022504+00:00
SR-ARE,morgan_4096,LogisticRegression,none,f1_weighted,"{'C': 1, 'l1_ratio': 0.0}",0.1640945840007201,1539,0.9005847953216374,0.8815993042174466,0.5771104785337775,0.6359141126158232,0.1640945840007201,0.9906157015335316,0.9907085931342322,0.9843534482570372,0.9990675692344548,0.9923710533736624,4369.0,0.7496823379923762,0.7606067113873266,0.6109132705430034,0.6970964892912342,0.3389531393481738,787.0,0.3701069355010986,0.2997288703918457,2026-04-21T08:54:06.436497+00:00
SR-ARE,morgan_4096,LogisticRegression,random_over,f1_weighted,"{'C': 1, 'l1_ratio': 0.0}",0.1588368410582868,1539,0.8992852501624431,0.88074550251498,0.575682382133995,0.6261032032199908,0.1588368410582868,0.9959576247560636,0.9959576020566748,0.9959576020566748,0.9993212642779904,0.9988916724082086,7174.0,0.7598475222363406,0.7678491267647658,0.6175967750643367,0.6924045043055863,0.3320557413671378,787.0,0.4659121036529541,0.3952579498291015,2026-04-21T08:54:13.392512+00:00
SR-ARE,morgan_4096,RandomForest,random_under,f1_weighted,"{'max_depth': 10, 'max_features': 'log2', 'min_samples_leaf': 20, 'n_estimators': 100}",0.1157551285568367,1539,0.8999350227420403,0.8716704517930417,0.5205801440245974,0.5849283048928766,0.1157551285568367,0.7250639386189258,0.7241097637802082,0.6885781102622461,0.7756527135484461,0.6337720028868277,2346.0,0.7102922490470139,0.7321776088425344,0.5861792217855759,0.6603886067564584,0.2964292875211174,787.0,0.222341775894165,0.1783852577209472,2026-04-21T18:56:43.551844+00:00
SR-ARE,morgan_4096,LogisticRegression,smote,f1_weighted,"{'C': 0.001, 'l1_ratio': 1.0}",0.0883690708252111,1539,0.9116309291747888,0.869488914773779,0.4768864717878994,0.5,0.0883690708252111,0.5,0.3333333333333333,0.3333333333333333,0.5,0.5,7174.0,0.8221092757306226,0.7418475612241462,0.4511854951185495,0.5,0.1778907242693773,787.0,0.2962648868560791,0.2009890079498291,2026-04-21T08:54:23.413861+00:00
SR-ARE,morgan_4096,LogisticRegression,smoteenn,f1_weighted,"{'C': 0.001, 'l1_ratio': 1.0}",0.0883690708252111,1539,0.9116309291747888,0.869488914773779,0.4768864717878994,0.5,0.0883690708252111,0.5168587896253602,0.3522318758214433,0.3407428517146385,0.5,0.4831412103746397,6940.0,0.8221092757306226,0.7418475612241462,0.4511854951185495,0.5,0.1778907242693773,787.0,0.2331249713897705,0.1757330894470214,2026-04-21T08:54:24.804888+00:00
SR-ARE,morgan_4096,LogisticRegression,smoten,f1_weighted,"{'C': 1, 'l1_ratio': 0.0}",0.1556291722052397,1539,0.8973359324236517,0.8758923466089674,0.5524515939041449,0.6087559221835563,0.1556291722052397,0.9884304432673544,0.9884304412441648,0.9884304412441648,0.9989157560185624,0.9988058949728948,7174.0,0.7534942820838628,0.7467174975165467,0.555838065537144,0.5979134466769707,0.2513114357412184,787.0,0.3281261920928955,0.2820858955383301,2026-04-21T08:54:29.682042+00:00
SR-ARE,morgan_4096,LogisticRegression,smoten_enn,f1_weighted,"{'C': 1, 'l1_ratio': 1.0}",0.1292560549191054,1539,0.9057829759584144,0.874127001053067,0.5191878841939925,0.5697324011571842,0.1292560549191054,0.9845571095571096,0.9845580947600416,0.9845275534691535,0.9986948512663002,0.9985256714435332,6864.0,0.7890724269377383,0.7649830082604919,0.5614274204377602,0.5696180172223448,0.2565246764193511,787.0,0.3733971118927002,0.333953857421875,2026-04-21T08:54:41.484463+00:00
SR-ARE,pubchem,XGBoost,none,f1_weighted,"{'colsample_bytree': 0.8, 'learning_rate': 0.1, 'max_depth': 7, 'min_child_weight': 1, 'n_estimators': 200, 'scale_pos_weight': 8, 'subsample': 0.8}",0.21761971348884734,1539,0.9005847953216374,0.8822842702244641,0.5811574481709758,0.6821543121881681,0.21761971348884734,0.9624628061341268,0.9637765310578323,0.940745290989119,0.9975194596571735,0.9849219154742628,4369.0,0.7966963151207116,0.7999222887924761,0.6636249011604299,0.759273570324575,0.42370835154666764,787.0,1.326796054840088,1.4267830848693848,2026-04-30T03:28:40.042394+00:00
SR-ARE,pubchem,DecisionTree,random_over,f1_weighted,"{'ccp_alpha': 0.0, 'criterion': 'gini', 'max_depth': 15, 'min_samples_leaf': 10}",0.1426366504778508,1539,0.8992852501624431,0.880051582703949,0.5715825109329119,0.5760345478177016,0.1426366504778508,0.8645107332032339,0.8644466363438081,0.8644466363438081,0.9395457716816348,0.942407999255964,7174.0,0.7763659466327827,0.7815426390486224,0.6357324693358019,0.7020092735703246,0.364712644201984,787.0,0.2887451648712158,0.2872529029846191,2026-04-22T10:24:10.334728+00:00
SR-ARE,pubchem,XGBoost,random_under,f1_weighted,"{'colsample_bytree': 0.8, 'learning_rate': 0.1, 'max_depth': 7, 'min_child_weight': 10, 'n_estimators': 200, 'scale_pos_weight': 1, 'subsample': 0.8}",0.1842744838204725,1539,0.8960363872644574,0.8758182383913379,0.5556133056133056,0.7108192528615154,0.1842744838204725,0.9040920716112532,0.9026047200489392,0.8889210856756495,0.9621797345647922,0.9356609516018285,2346.0,0.7763659466327827,0.7854562379234803,0.6499039530886666,0.761133804371826,0.4068855626492638,787.0,0.7257919311523438,0.6639132499694824,2026-04-30T03:30:17.319571+00:00
SR-ARE,pubchem,LogisticRegression,smote,f1_weighted,"{'C': 1, 'l1_ratio': 0.0}",0.2159353337425474,1539,0.8823911630929174,0.8754696672408804,0.5925814335463357,0.6701369963523541,0.2159353337425474,0.8562865904655701,0.8562624351099595,0.8562624351099595,0.925445664652325,0.9232959121623916,7174.0,0.7445997458703939,0.7567318183180777,0.6067083858552558,0.7113435637005961,0.370493566318004,787.0,0.6580500602722168,0.5786092281341553,2026-04-21T08:54:59.046262+00:00
SR-ARE,pubchem,XGBoost,smoteenn,f1_weighted,"{'colsample_bytree': 0.8, 'learning_rate': 0.05, 'max_depth': 5, 'min_child_weight': 1, 'n_estimators': 200, 'scale_pos_weight': 1, 'subsample': 0.8}",0.15733121888802698,1539,0.8999350227420403,0.876748559274972,0.5503346791330217,0.6328560647352313,0.15733121888802698,0.9199568167797656,0.9200194706532935,0.9191718005996791,0.9759842117707492,0.9679361764865609,6484.0,0.8170266836086404,0.8107549079195584,0.6662189863575316,0.7374586001324795,0.42416426542057634,787.0,1.5059361457824707,1.4548707008361816,2026-04-30T03:30:38.480566+00:00
SR-ARE,pubchem,RandomForest,smoten,f1_weighted,"{'max_depth': 10, 'max_features': 'sqrt', 'min_samples_leaf': 20, 'n_estimators': 100}",0.1265578547499633,1539,0.9090318388564004,0.8705858539150017,0.4900306748466257,0.5925537713303426,0.1265578547499633,0.8448564259827154,0.8448303494446022,0.8448303494446023,0.9215784332248949,0.9239015952305148,7174.0,0.7712833545108005,0.773748569779919,0.6175155520995335,0.7374586001324795,0.3981450728288151,787.0,0.444561243057251,0.4442429542541504,2026-04-21T18:59:22.622174+00:00
SR-ARE,pubchem,BernoulliNB,smoten_enn,f1_weighted,{'alpha': 10.0},0.1045217440338212,1539,0.9116309291747888,0.8707409579081512,0.4841171251109139,0.5226169762274119,0.1045217440338212,0.7387062884586523,0.7390174749834002,0.7385841880238738,0.8177331684311537,0.7881933501075098,6663.0,0.7255400254129606,0.744341290735423,0.5999133889401442,0.6852009273570324,0.3325690469995296,787.0,0.060945987701416,0.0574650764465332,2026-04-21T14:28:20.933724+00:00
SR-ARE,rdkit,XGBoost,none,f1_weighted,"{'colsample_bytree': 0.8, 'learning_rate': 0.1, 'max_depth': 3, 'min_child_weight': 1, 'n_estimators': 100, 'scale_pos_weight': 8, 'subsample': 0.8}",0.21892927578407395,1539,0.9129304743339831,0.8891176649129287,0.5874093695481681,0.6689735231227203,0.21892927578407395,0.7766079194323644,0.8011542867397797,0.7223756136307409,0.9405762996099156,0.8139426504203721,4369.0,0.6797966963151207,0.7156973505423427,0.6047117914374551,0.7354051667034666,0.3511723503053686,787.0,1.5070409774780273,1.4323091506958008,2026-04-30T03:31:25.084460+00:00
SR-ARE,rdkit,XGBoost,random_over,f1_weighted,"{'colsample_bytree': 0.8, 'learning_rate': 0.1, 'max_depth': 3, 'min_child_weight': 1, 'n_estimators': 100, 'scale_pos_weight': 1, 'subsample': 0.8}",0.2199368396805564,1539,0.9096816114359974,0.8783811417546061,0.5335316192648447,0.6795679426439143,0.2199368396805564,0.8829105101756343,0.8829072248793118,0.8829072248793117,0.9447561350659993,0.9456542431139303,7174.0,0.7395171537484116,0.7567735647237488,0.6179005430650849,0.7166703466548907,0.35795989649899324,787.0,2.018324851989746,2.0671560764312744,2026-04-30T03:31:28.321977+00:00
SR-ARE,rdkit,XGBoost,random_under,f1_weighted,"{'colsample_bytree': 0.8, 'learning_rate': 0.1, 'max_depth': 3, 'min_child_weight': 10, 'n_estimators': 200, 'scale_pos_weight': 1, 'subsample': 0.8}",0.19719601051712402,1539,0.9135802469135802,0.8797248980985939,0.5309872806304005,0.6287183975514653,0.19719601051712402,0.9202898550724637,0.9189876521094679,0.9075458238278636,0.972806872665668,0.9567179673213374,2346.0,0.761118170266836,0.7688176408000287,0.6186779654027752,0.7325789357474056,0.3453899368334123,787.0,1.2979097366333008,1.241715908050537,2026-04-30T03:31:49.795273+00:00
SR-ARE,rdkit,LogisticRegression,smote,f1_weighted,"{'C': 0.01, 'l1_ratio': 1.0}",0.1548991491024547,1539,0.9018843404808315,0.8771603797480527,0.5474208192382521,0.5418535910444007,0.1548991491024547,0.7029551156955673,0.7027531499442546,0.7027531499442548,0.7847041818218983,0.7838042325314822,7174.0,0.7242693773824651,0.7470140772383123,0.6144673780783757,0.674315522190329,0.3775601176042804,787.0,0.3679208755493164,0.296461820602417,2026-04-21T08:55:31.161929+00:00
SR-ARE,rdkit,LogisticRegression,smoteenn,f1_weighted,"{'C': 0.01, 'l1_ratio': 1.0}",0.1411224477287784,1539,0.9018843404808315,0.8810277052067971,0.5701411535338327,0.535816108339273,0.1411224477287784,0.7312252964426877,0.7314567789543751,0.726777525325265,0.8119678479404667,0.7659355483446653,6325.0,0.7191867852604829,0.7402115184348935,0.5980843221758773,0.6725325678957828,0.3817821956808416,787.0,0.2842161655426025,0.2530829906463623,2026-04-21T08:55:33.172391+00:00
SR-ARE,rdkit,LogisticRegression,smoten,f1_weighted,"{'C': 0.01, 'l1_ratio': 1.0}",0.1383803594709441,1539,0.8908382066276803,0.8739359804444228,0.5590077367063736,0.5051858412645172,0.1383803594709441,0.7499303038751045,0.7498855161954453,0.7498855161954453,0.8244997170574377,0.8233877989091213,7174.0,0.7217280813214739,0.7429346190202419,0.6033019617049779,0.6583793331861338,0.3627035518122109,787.0,0.3372139930725097,0.2863306999206543,2026-04-21T08:55:34.682488+00:00
SR-ARE,rdkit,LogisticRegression,smoten_enn,f1_weighted,"{'C': 0.01, 'l1_ratio': 1.0}",0.1231124117452749,1539,0.884990253411306,0.8702458925158953,0.5536169898975002,0.4894606096180454,0.1231124117452749,0.7792657237436051,0.779428646604768,0.7782170512428814,0.8518835907480002,0.8237236511248829,6646.0,0.7331639135959339,0.7497974167894161,0.6043976561153559,0.6554592625303599,0.3511931486478727,787.0,0.3301811218261719,0.2506039142608642,2026-04-21T08:55:46.634797+00:00
SR-ARE,topological_torsion,XGBoost,none,f1_weighted,"{'colsample_bytree': 0.8, 'learning_rate': 0.1, 'max_depth': 7, 'min_child_weight': 5, 'n_estimators': 200, 'scale_pos_weight': 8, 'subsample': 0.8}",0.1433468518297613,1539,0.9070825211176088,0.8812561286384302,0.5572755417956656,0.5830206280659092,0.1433468518297613,0.8889906157015335,0.8977154144831668,0.8436909981862988,0.9824825652737186,0.9208694431632207,4369.0,0.7382465057179162,0.7590379222973579,0.6304861149098335,0.7053764627953191,0.35873207748863795,787.0,2.349493980407715,2.3489348888397217,2026-04-30T03:34:30.481115+00:00
SR-ARE,topological_torsion,DecisionTree,random_over,f1_weighted,"{'ccp_alpha': 0.0, 'criterion': 'entropy', 'max_depth': 5, 'min_samples_leaf': 50}",0.1201500750312838,1539,0.9109811565951916,0.881071718236346,0.5457154492039792,0.5345085111735358,0.1201500750312838,0.6579314190131029,0.6578388486497176,0.6578388486497178,0.7177772100705324,0.7137242390879744,7174.0,0.6747141041931385,0.7060602684879397,0.566652327282113,0.6310278207109737,0.2680624199687239,787.0,0.5006918907165527,0.5382928848266602,2026-04-22T10:26:55.027464+00:00
SR-ARE,topological_torsion,DecisionTree,random_under,f1_weighted,"{'ccp_alpha': 0.01, 'criterion': 'gini', 'max_depth': 5, 'min_samples_leaf': 10}",0.1096776498408112,1539,0.9070825211176088,0.8786612498876337,0.5421215242018538,0.5337276214833759,0.1096776498408112,0.587382779198636,0.5984336539731152,0.5804299371530262,0.6312679469652867,0.4199976274937979,2346.0,0.6010165184243964,0.6479195828618182,0.537827667723981,0.6285051887833959,0.2368177096030103,787.0,0.1372151374816894,0.1288909912109375,2026-04-22T10:26:59.257818+00:00
SR-ARE,topological_torsion,LogisticRegression,smote,f1_weighted,"{'C': 0.01, 'l1_ratio': 1.0}",0.1058443366255317,1539,0.9064327485380116,0.8773579355198963,0.5362673050203391,0.5231646471846044,0.1058443366255317,0.6572344577641483,0.6561601661421125,0.6561601661421125,0.7127946074823832,0.6829835099100334,7174.0,0.7191867852604829,0.7420127820940632,0.6058624245102372,0.6097758887171562,0.2509734859267141,787.0,0.1265521049499511,0.1030929088592529,2026-04-21T08:55:55.324611+00:00
SR-ARE,topological_torsion,LogisticRegression,smoteenn,f1_weighted,"{'C': 0.01, 'l1_ratio': 1.0}",0.1023828766353299,1539,0.9064327485380116,0.8773579355198963,0.5362673050203391,0.5223758961888391,0.1023828766353299,0.6704180064308681,0.6693563497778378,0.6679741144491864,0.7319654478516678,0.6785269069112073,6842.0,0.7255400254129606,0.746636714965738,0.6095082328726845,0.6075789357474057,0.2492080127196373,787.0,0.1134006977081298,0.0857307910919189,2026-04-21T08:55:55.693116+00:00
SR-ARE,topological_torsion,LogisticRegression,smoten,f1_weighted,"{'C': 0.01, 'l1_ratio': 1.0}",0.1283563752829253,1539,0.9070825211176088,0.8777522426706157,0.5368213913647413,0.5205520732883316,0.1283563752829253,0.6586283802620574,0.6551059781312963,0.6551059781312963,0.7537521463569659,0.7382948549778969,7174.0,0.7344345616264295,0.7503403999841974,0.6037174900316817,0.6001214396113932,0.2598013037323123,787.0,0.1445231437683105,0.115441083908081,2026-04-21T08:56:10.042173+00:00
SR-ARE,topological_torsion,LogisticRegression,smoten_enn,f1_weighted,"{'C': 0.01, 'l1_ratio': 1.0}",0.120157217260931,1539,0.9012345679012346,0.8750878106503324,0.5370475919065261,0.5320662655653852,0.120157217260931,0.6945016171714201,0.6926819749975318,0.6908425541043619,0.7884732364712559,0.7458437458612766,6802.0,0.7217280813214739,0.7369744245032797,0.5792214450507196,0.5759935968204901,0.2519339730412127,787.0,0.1358859539031982,0.0968968868255615,2026-04-21T08:56:03.727543+00:00
SR-ATAD5,atom_pair,XGBoost,none,f1_weighted,"{'colsample_bytree': 0.8, 'learning_rate': 0.1, 'max_depth': 3, 'min_child_weight': 5, 'n_estimators': 200, 'scale_pos_weight': 8, 'subsample': 0.8}",0.23042100521676728,1740,0.9816091954022989,0.9735209437480253,0.5509097948122338,0.770257223639749,0.23042100521676728,0.9821493624772313,0.9831562560019272,0.8919604710509004,0.9935251316219833,0.9003304887262622,5490.0,0.9181614349775785,0.9112200466070617,0.6306418219461698,0.7360668480373105,0.25280367143182925,892.0,2.622157096862793,2.81653094291687,2026-04-30T03:37:59.106908+00:00
SR-ATAD5,atom_pair,XGBoost,random_over,f1_weighted,"{'colsample_bytree': 0.8, 'learning_rate': 0.05, 'max_depth': 5, 'min_child_weight': 1, 'n_estimators': 100, 'scale_pos_weight': 1, 'subsample': 0.8}",0.1738035905475645,1740,0.9816091954022989,0.9735209437480253,0.5509097948122338,0.7733087373284601,0.1738035905475645,0.9562582844158304,0.9562444214292438,0.956244421429244,0.9919815227250667,0.9910115996919652,10562.0,0.8811659192825112,0.8905194365619964,0.6142309261525908,0.7123785464438398,0.23896983712258305,892.0,3.3350300788879395,3.39632511138916,2026-04-30T03:38:10.886400+00:00
SR-ATAD5,atom_pair,XGBoost,random_under,f1_weighted,"{'colsample_bytree': 0.8, 'learning_rate': 0.05, 'max_depth': 7, 'min_child_weight': 1, 'n_estimators': 200, 'scale_pos_weight': 1, 'subsample': 0.8}",0.1748405041650796,1740,0.9804597701149426,0.973700213846565,0.5700581395348837,0.7934883801117164,0.1748405041650796,0.9984051036682615,0.998404144068258,0.9982035876675004,1.0,1.0,627.0,0.8329596412556054,0.8627775101345525,0.5995577020997098,0.7819082782743878,0.2726525415820424,892.0,0.6910750865936279,0.6928691864013672,2026-04-30T03:38:23.577752+00:00
SR-ATAD5,atom_pair,LogisticRegression,smote,f1_weighted,"{'C': 0.001, 'l1_ratio': 1.0}",0.0195402298850574,1740,0.9804597701149426,0.9707860521277376,0.4950667440510737,0.5,0.0195402298850574,0.5,0.3333333333333333,0.3333333333333333,0.5,0.5,10562.0,0.9304932735426008,0.8969911928459451,0.4819976771196283,0.5,0.0695067264573991,892.0,0.2381219863891601,0.2118520736694336,2026-04-21T08:56:30.306858+00:00
SR-ATAD5,atom_pair,LogisticRegression,smoteenn,f1_weighted,"{'C': 0.001, 'l1_ratio': 1.0}",0.0195402298850574,1740,0.9804597701149426,0.9707860521277376,0.4950667440510737,0.5,0.0195402298850574,0.5009485866059571,0.3343878513386917,0.3337546609366112,0.5,0.4990514133940428,10542.0,0.9304932735426008,0.8969911928459451,0.4819976771196283,0.5,0.0695067264573991,892.0,0.3350667953491211,0.187356948852539,2026-04-21T08:56:32.175268+00:00
SR-ATAD5,atom_pair,XGBoost,smoten,f1_weighted,"{'colsample_bytree': 0.8, 'learning_rate': 0.05, 'max_depth': 3, 'min_child_weight': 5, 'n_estimators': 100, 'scale_pos_weight': 1, 'subsample': 0.8}",0.10263536875128333,1740,0.9793103448275862,0.9721531676022453,0.5447674418604651,0.6886852630853044,0.10263536875128333,0.9522817648172694,0.9522571135739142,0.9522571135739142,0.9877682965672331,0.9888832234601839,10562.0,0.875560538116592,0.8831070962960355,0.578067270937472,0.5952584531675087,0.1524141130876319,892.0,2.7118160724639893,2.6249144077301025,2026-04-30T03:39:12.398824+00:00
SR-ATAD5,atom_pair,RandomForest,smoten_enn,f1_weighted,"{'max_depth': 10, 'max_features': 'sqrt', 'min_samples_leaf': 5, 'n_estimators': 100}",0.0616959334955873,1740,0.9804597701149426,0.971866002732277,0.5228416569879984,0.6406885732018481,0.0616959334955873,0.9646811760213824,0.9646702731608576,0.964674314738466,0.996132630114422,0.99596979764035,10476.0,0.8912556053811659,0.8882308855004899,0.5563759043063182,0.5911387485425573,0.1299128467442487,892.0,1.6825132369995115,1.454685926437378,2026-04-21T19:05:05.732752+00:00
SR-ATAD5,avalon,EasyEnsemble,none,f1_weighted,"{'n_estimators': 20, 'replacement': False}",0.1564872845454996,1740,0.9810344827586208,0.9748641895479327,0.5927630692416258,0.7302944624508655,0.1564872845454996,0.7402550091074681,0.8204077360606935,0.5232332981171566,0.8794060860954094,0.2833863990963745,5490.0,0.6838565022421524,0.7614265922256626,0.5172715549005158,0.7664205207928488,0.2232536716619219,892.0,5.99383807182312,3.654249906539917,2026-04-22T00:02:12.338913+00:00
SR-ATAD5,avalon,XGBoost,random_over,f1_weighted,"{'colsample_bytree': 0.8, 'learning_rate': 0.1, 'max_depth': 3, 'min_child_weight': 1, 'n_estimators': 200, 'scale_pos_weight': 1, 'subsample': 0.8}",0.2070219813731489,1740,0.982183908045977,0.9770696067613965,0.6350251368486579,0.7609820012412938,0.2070219813731489,0.964495360727135,0.9644819804799261,0.9644819804799261,0.9938438187066201,0.9926706945767964,10562.0,0.8834080717488789,0.8895031103338523,0.5969412582551268,0.7114457831325302,0.20616762569509664,892.0,1.2684080600738525,1.22450590133667,2026-04-30T03:42:18.625315+00:00
SR-ATAD5,avalon,XGBoost,random_under,f1_weighted,"{'colsample_bytree': 0.8, 'learning_rate': 0.1, 'max_depth': 3, 'min_child_weight': 1, 'n_estimators': 200, 'scale_pos_weight': 1, 'subsample': 0.8}",0.21243832793352382,1740,0.9816091954022989,0.9759863440672251,0.6143937505194049,0.8270636507827047,0.21243832793352382,0.988835725677831,0.9888153328450872,0.9873946321639359,0.9992502461024244,0.9985173892167799,627.0,0.8419282511210763,0.8671739196975758,0.5940940117151571,0.7534201321414691,0.23217118810891094,892.0,0.12586021423339844,0.11572813987731934,2026-04-30T03:42:26.837871+00:00
SR-ATAD5,avalon,LogisticRegression,smote,f1_weighted,"{'C': 0.001, 'l1_ratio': 1.0}",0.0195402298850574,1740,0.9804597701149426,0.9707860521277376,0.4950667440510737,0.5,0.0195402298850574,0.5,0.3333333333333333,0.3333333333333333,0.5,0.5,10562.0,0.9304932735426008,0.8969911928459451,0.4819976771196283,0.5,0.0695067264573991,892.0,0.0731558799743652,0.0597500801086425,2026-04-21T08:56:56.326057+00:00
SR-ATAD5,avalon,LogisticRegression,smoteenn,f1_weighted,"{'C': 0.001, 'l1_ratio': 1.0}",0.0195402298850574,1740,0.9804597701149426,0.9707860521277376,0.4950667440510737,0.5,0.0195402298850574,0.5036238794583254,0.337367629532494,0.3349400646920784,0.5,0.4963761205416746,10486.0,0.9304932735426008,0.8969911928459451,0.4819976771196283,0.5,0.0695067264573991,892.0,0.0758180618286132,0.0673000812530517,2026-04-21T08:56:57.019284+00:00
SR-ATAD5,avalon,LogisticRegression,smoten,f1_weighted,"{'C': 0.1, 'l1_ratio': 0.0}",0.0849885548055305,1740,0.9793103448275862,0.9729846370756284,0.5661929693343306,0.6718157368457348,0.0849885548055305,0.9701761030107934,0.970173041863735,0.9701730418637352,0.9943933372060724,0.9949068400346752,10562.0,0.897982062780269,0.8903949196720412,0.5476345721944504,0.6666342790516907,0.1606763571213855,892.0,0.3710091114044189,0.3142259120941162,2026-04-21T08:57:02.376730+00:00
SR-ATAD5,avalon,LogisticRegression,smoten_enn,f1_weighted,"{'C': 1, 'l1_ratio': 1.0}",0.0925792924377418,1740,0.97816091954023,0.9722810782142002,0.5626521325007937,0.6217157437418109,0.0925792924377418,0.994822627037392,0.994822797052518,0.9948222064736596,0.9998547727631374,0.9998426789379188,10430.0,0.9159192825112108,0.896165676776911,0.5261469157051486,0.6331519626894675,0.1657397047563357,892.0,1.5487041473388672,1.804361343383789,2026-04-21T08:57:03.370510+00:00
SR-ATAD5,erg,BalancedRandomForest,none,f1_weighted,"{'max_depth': 10, 'max_features': 'sqrt', 'min_samples_leaf': 5, 'n_estimators': 100}",0.1552480018105283,1740,0.9816091954022989,0.9735209437480252,0.5509097948122338,0.6314995517550515,0.1552480018105283,0.8092896174863388,0.8664648385437149,0.5732467180148859,0.9125913154406562,0.4913920586740322,5490.0,0.7589686098654709,0.81286049948445,0.5350821690993762,0.7100660707345511,0.1843457153822515,892.0,0.6868841648101807,0.448638916015625,2026-04-22T00:02:44.475724+00:00
SR-ATAD5,erg,RandomForest,random_over,f1_weighted,"{'max_depth': 5, 'max_features': 'log2', 'min_samples_leaf': 5, 'n_estimators': 200}",0.1622482045241978,1740,0.9816091954022989,0.9735209437480252,0.5509097948122338,0.6949434521757121,0.1622482045241978,0.8024048475667487,0.8023780464380204,0.8023780464380204,0.8869451608469745,0.887829961488759,10562.0,0.7432735426008968,0.8021999426633042,0.5245589902220236,0.6824329576369996,0.1503123070334044,892.0,0.6142091751098633,0.6937618255615234,2026-04-21T19:07:13.324733+00:00
SR-ATAD5,erg,DecisionTree,random_under,f1_weighted,"{'ccp_alpha': 0.0, 'criterion': 'gini', 'max_depth': 5, 'min_samples_leaf': 20}",0.0518091374480826,1740,0.9810344827586208,0.9731748494114916,0.5492617217856834,0.494862423281153,0.0518091374480826,0.7288676236044657,0.7365591397849462,0.7190860215053763,0.8379730317529361,0.7077506816287149,627.0,0.6401345291479821,0.728476384544626,0.4781201301364245,0.6318888457054023,0.1338807255218656,892.0,0.0130708217620849,0.00726318359375,2026-04-22T10:31:36.446002+00:00
SR-ATAD5,erg,LogisticRegression,smote,f1_weighted,"{'C': 0.01, 'l1_ratio': 0.0}",0.1086033807713546,1740,0.9816091954022989,0.9735209437480252,0.5509097948122338,0.5764171436452659,0.1086033807713546,0.6955122135959099,0.6942672132224093,0.6942672132224093,0.764537839900167,0.731996383558829,10562.0,0.6984304932735426,0.7717882064004177,0.5145337603664446,0.7043334628837933,0.133205041905988,892.0,0.0589079856872558,0.0542571544647216,2026-04-21T08:57:05.877187+00:00
SR-ATAD5,erg,XGBoost,smoteenn,f1_weighted,"{'colsample_bytree': 0.8, 'learning_rate': 0.05, 'max_depth': 5, 'min_child_weight': 1, 'n_estimators': 100, 'scale_pos_weight': 1, 'subsample': 0.8}",0.15075133776597824,1740,0.9816091954022989,0.9744298131371026,0.574298908223493,0.7074339700710296,0.15075133776597824,0.9758573117855736,0.9758476178054363,0.9757992646996914,0.9969287964222491,0.9970580622241019,10148.0,0.9159192825112108,0.9113223103316354,0.6397473384921084,0.7629420909444227,0.25228667050597575,892.0,1.2422678470611572,1.221081018447876,2026-04-30T03:44:03.042896+00:00
SR-ATAD5,erg,DecisionTree,smoten,f1_weighted,"{'ccp_alpha': 0.0, 'criterion': 'gini', 'max_depth': 5, 'min_samples_leaf': 10}",0.0374284852402221,1740,0.9798850574712644,0.9724911871741684,0.5461963203898688,0.4830184125232742,0.0374284852402221,0.8326074607081992,0.8320582484406925,0.8320582484406925,0.900356865212727,0.8540079370875581,10562.0,0.7567264573991032,0.8072367432449251,0.4866425322565673,0.4661581811115429,0.1000588003652323,892.0,0.1311898231506347,0.1112170219421386,2026-04-22T10:31:45.948845+00:00
SR-ATAD5,erg,LogisticRegression,smoten_enn,f1_weighted,"{'C': 0.001, 'l1_ratio': 1.0}",0.0195402298850574,1740,0.9804597701149426,0.9707860521277376,0.4950667440510737,0.5,0.0195402298850574,0.5612711233924965,0.4035497348721272,0.359496255956433,0.5,0.4387288766075035,9409.0,0.9304932735426008,0.8969911928459451,0.4819976771196283,0.5,0.0695067264573991,892.0,0.026073932647705,0.0215437412261962,2026-04-21T08:57:07.371273+00:00
SR-ATAD5,estate,XGBoost,none,f1_weighted,"{'colsample_bytree': 0.8, 'learning_rate': 0.1, 'max_depth': 5, 'min_child_weight': 10, 'n_estimators': 100, 'scale_pos_weight': 8, 'subsample': 0.8}",0.22878854287290634,1740,0.982183908045977,0.9748006161138254,0.5765791931926117,0.7252689469691745,0.22878854287290634,0.9570127504553734,0.9607011670801586,0.7573571548963425,0.9609646027240383,0.6032471494821307,5490.0,0.9125560538116592,0.9064961180022665,0.6156191991514187,0.7654100272055966,0.24878377492643983,892.0,0.08607220649719238,0.0811150074005127,2026-04-30T03:44:27.540011+00:00
SR-ATAD5,estate,XGBoost,random_over,f1_weighted,"{'colsample_bytree': 0.8, 'learning_rate': 0.05, 'max_depth': 3, 'min_child_weight': 1, 'n_estimators': 100, 'scale_pos_weight': 1, 'subsample': 0.8}",0.26512867652041494,1740,0.9810344827586207,0.9774100078126107,0.6584562125637198,0.7841097165712709,0.26512867652041494,0.8074228365839803,0.8073971391316697,0.8073971391316697,0.8964177259956009,0.8896148592130819,10562.0,0.7679372197309418,0.8189041523336885,0.5412970300719192,0.7294403420132142,0.23841593662864408,892.0,0.12647008895874023,0.11910319328308105,2026-04-30T03:44:42.366475+00:00
SR-ATAD5,estate,XGBoost,random_under,f1_weighted,"{'colsample_bytree': 0.8, 'learning_rate': 0.1, 'max_depth': 3, 'min_child_weight': 5, 'n_estimators': 100, 'scale_pos_weight': 1, 'subsample': 0.8}",0.3047665942132203,1740,0.9827586206896551,0.9792169037858692,0.6831293706293706,0.7222174332804634,0.3047665942132203,0.8325358851674641,0.8253694315607808,0.7971092654514076,0.9089134864128569,0.8479003372279714,627.0,0.8251121076233184,0.8588531311301195,0.6048030717847933,0.7706762534006997,0.2917160131028492,892.0,0.02501201629638672,0.014278173446655273,2026-04-30T03:44:51.248992+00:00
SR-ATAD5,estate,DecisionTree,smote,f1_weighted,"{'ccp_alpha': 0.0, 'criterion': 'entropy', 'max_depth': 5, 'min_samples_leaf': 10}",0.1701290910151875,1740,0.9816091954022989,0.9778313640382604,0.662004662004662,0.6549893110819944,0.1701290910151875,0.7785457299753834,0.7778874411566679,0.7778874411566679,0.8374925476786317,0.7838667077537567,10562.0,0.7130044843049327,0.7825353960428163,0.5306498289923705,0.7107170617955694,0.1276008855700395,892.0,0.0459122657775878,0.044429063796997,2026-04-22T10:31:58.162577+00:00
SR-ATAD5,estate,DecisionTree,smoteenn,f1_weighted,"{'ccp_alpha': 0.0, 'criterion': 'gini', 'max_depth': 5, 'min_samples_leaf': 20}",0.1842211849588528,1740,0.9798850574712644,0.9765824291120698,0.6517592163724633,0.7445952003310117,0.1842211849588528,0.7856731875719217,0.7843235995825106,0.784525660801037,0.851852138677511,0.7968660550208267,10428.0,0.702914798206278,0.7751816903201142,0.5217525892085793,0.7024776525456666,0.1359291948422403,892.0,0.0409338474273681,0.0432641506195068,2026-04-22T10:31:58.624067+00:00
SR-ATAD5,estate,DecisionTree,smoten,f1_weighted,"{'ccp_alpha': 0.01, 'criterion': 'gini', 'max_depth': 5, 'min_samples_leaf': 10}",0.0575268940464825,1740,0.9810344827586208,0.972184432353593,0.5237818784988596,0.5589183504585891,0.0575268940464825,0.7928422647225905,0.7916348824736522,0.7916348824736523,0.8229684318465647,0.7443636239298624,10562.0,0.7242152466367713,0.7892496853228934,0.5148186473506859,0.6155849203264673,0.1012247557474979,892.0,0.0202612876892089,0.0163688659667968,2026-04-22T10:31:59.283920+00:00
SR-ATAD5,estate,LogisticRegression,smoten_enn,f1_weighted,"{'C': 0.001, 'l1_ratio': 1.0}",0.0195402298850574,1740,0.9804597701149426,0.9707860521277376,0.4950667440510737,0.5,0.0195402298850574,0.5192723697148476,0.3549643886433383,0.3417901753931784,0.5,0.4807276302851524,10170.0,0.9304932735426008,0.8969911928459451,0.4819976771196283,0.5,0.0695067264573991,892.0,0.0126559734344482,0.0070888996124267,2026-04-21T08:57:10.541672+00:00
SR-ATAD5,fcfp,LogisticRegression,none,f1_weighted,"{'C': 0.01, 'l1_ratio': 0.0}",0.2769987967040542,1740,0.9775862068965516,0.974979841200833,0.6397611147976112,0.8066254051444728,0.2769987967040542,0.829872495446266,0.8797882558594555,0.5914366193951076,0.9250631269088696,0.3462976333644777,5490.0,0.7679372197309418,0.8191436738910277,0.5441327872130832,0.6951029926156237,0.1799427475964446,892.0,0.1404111385345459,0.1276841163635254,2026-04-21T08:57:10.790529+00:00
SR-ATAD5,fcfp,LogisticRegression,random_over,f1_weighted,"{'C': 0.001, 'l1_ratio': 0.0}",0.2384907457231534,1740,0.9816091954022989,0.9766577500751158,0.6317070589480368,0.7834201089580028,0.2384907457231534,0.7723915925014202,0.7723650735545142,0.7723650735545142,0.8565309586111868,0.8440430656347527,10562.0,0.7096412556053812,0.7795404372180131,0.515094272299287,0.6903031480761757,0.1596188502469434,892.0,0.2527482509613037,0.1999368667602539,2026-04-21T08:57:10.997043+00:00
SR-ATAD5,fcfp,XGBoost,random_under,f1_weighted,"{'colsample_bytree': 0.8, 'learning_rate': 0.05, 'max_depth': 7, 'min_child_weight': 1, 'n_estimators': 100, 'scale_pos_weight': 1, 'subsample': 0.8}",0.2356236910261225,1740,0.982183908045977,0.9770696067613965,0.6350251368486579,0.8082459830356528,0.2356236910261225,0.9027113237639554,0.8995130830489192,0.8839681456200228,0.9735754675946063,0.9526553028053928,627.0,0.820627802690583,0.8512577534845465,0.5572102258624969,0.7242907112320248,0.19108591231833505,892.0,0.32669806480407715,0.2859320640563965,2026-04-30T03:45:06.412833+00:00
SR-ATAD5,fcfp,LogisticRegression,smote,f1_weighted,"{'C': 0.001, 'l1_ratio': 1.0}",0.0195402298850574,1740,0.9804597701149426,0.9707860521277376,0.4950667440510737,0.5,0.0195402298850574,0.5,0.3333333333333333,0.3333333333333333,0.5,0.5,10562.0,0.9304932735426008,0.8969911928459451,0.4819976771196283,0.5,0.0695067264573991,892.0,0.2162008285522461,0.1596460342407226,2026-04-21T08:57:11.845625+00:00
SR-ATAD5,fcfp,LogisticRegression,smoteenn,f1_weighted,"{'C': 0.001, 'l1_ratio': 1.0}",0.0195402298850574,1740,0.9804597701149426,0.9707860521277376,0.4950667440510737,0.5,0.0195402298850574,0.5034318398474737,0.3371534520619503,0.3348551138164986,0.5,0.4965681601525262,10490.0,0.9304932735426008,0.8969911928459451,0.4819976771196283,0.5,0.0695067264573991,892.0,0.2173860073089599,0.1821599006652832,2026-04-21T08:57:11.931789+00:00
SR-ATAD5,fcfp,XGBoost,smoten,f1_weighted,"{'colsample_bytree': 0.8, 'learning_rate': 0.05, 'max_depth': 7, 'min_child_weight': 1, 'n_estimators': 200, 'scale_pos_weight': 1, 'subsample': 0.8}",0.11240036072364466,1740,0.9758620689655172,0.9715805770584096,0.5738775510204082,0.7608785600993035,0.11240036072364466,0.9754781291422079,0.9754781113370181,0.9754781113370181,0.99716104518917,0.9972931589023936,10562.0,0.9136771300448431,0.8918540767261086,0.5020841941961535,0.671327244461718,0.1286732046311521,892.0,5.506925106048584,5.387120962142944,2026-04-30T03:45:21.593127+00:00
SR-ATAD5,fcfp,LogisticRegression,smoten_enn,f1_weighted,"{'C': 1, 'l1_ratio': 0.0}",0.0918859433110036,1740,0.9747126436781608,0.971486320146666,0.5861711098138419,0.6163281842631543,0.0918859433110036,0.9947780678851176,0.994778298847502,0.9947761720688774,0.999552856724794,0.9993421838430284,10341.0,0.9248878923766816,0.8980150711256563,0.5086126801674026,0.5525262339681306,0.1115799154190697,892.0,0.2095811367034912,0.1807360649108886,2026-04-21T08:57:14.668319+00:00
SR-ATAD5,klekota_roth,XGBoost,none,f1_weighted,"{'colsample_bytree': 0.8, 'learning_rate': 0.1, 'max_depth': 3, 'min_child_weight': 1, 'n_estimators': 200, 'scale_pos_weight': 8, 'subsample': 0.8}",0.11628135165760453,1740,0.9804597701149426,0.9728316764581714,0.5476925899874614,0.7713261154403145,0.11628135165760453,0.9748633879781421,0.9756190223044601,0.8387412614800165,0.9828259473113419,0.7313431137803785,5490.0,0.9170403587443946,0.9056301316246219,0.5926639020537124,0.6683249125534396,0.17960307405349843,892.0,6.696927070617676,6.614213943481445,2026-04-30T03:47:49.655507+00:00
SR-ATAD5,klekota_roth,LogisticRegression,random_over,f1_weighted,"{'C': 0.001, 'l1_ratio': 1.0}",0.0195402298850574,1740,0.9804597701149426,0.9707860521277376,0.4950667440510737,0.5,0.0195402298850574,0.5,0.3333333333333333,0.3333333333333333,0.5,0.5,10562.0,0.9304932735426008,0.8969911928459451,0.4819976771196283,0.5,0.0695067264573991,892.0,0.5922069549560547,0.47943115234375,2026-04-21T08:57:16.782451+00:00
SR-ATAD5,klekota_roth,XGBoost,random_under,f1_weighted,"{'colsample_bytree': 0.8, 'learning_rate': 0.05, 'max_depth': 3, 'min_child_weight': 10, 'n_estimators': 100, 'scale_pos_weight': 1, 'subsample': 0.8}",0.12236260264082875,1740,0.9793103448275862,0.9729846370756283,0.5661929693343306,0.6777032618440109,0.12236260264082875,0.7751196172248804,0.7609149458740695,0.7191011949963302,0.8298974382454615,0.707596575307001,627.0,0.8329596412556054,0.8568090292632262,0.5463627582487721,0.6635445005829771,0.14629116311486431,892.0,0.600496768951416,0.5070919990539551,2026-04-30T03:48:12.720790+00:00
SR-ATAD5,klekota_roth,LogisticRegression,smote,f1_weighted,"{'C': 0.001, 'l1_ratio': 1.0}",0.0250510131375884,1740,0.9804597701149426,0.9707860521277376,0.4950667440510737,0.5696331287497414,0.0250510131375884,0.5,0.3333333333333333,0.3333333333333333,0.6941867070630562,0.6374129461804781,10562.0,0.9304932735426008,0.8969911928459451,0.4819976771196283,0.5085503303536728,0.0706853968100894,892.0,0.663754940032959,0.3948311805725097,2026-04-21T08:57:22.547065+00:00
SR-ATAD5,klekota_roth,LogisticRegression,smoteenn,f1_weighted,"{'C': 0.001, 'l1_ratio': 1.0}",0.0250510131375884,1740,0.9804597701149426,0.9707860521277376,0.4950667440510737,0.5696331287497414,0.0250510131375884,0.5034318398474737,0.3371534520619503,0.3348551138164986,0.6950170071470768,0.6350589256922734,10490.0,0.9304932735426008,0.8969911928459451,0.4819976771196283,0.5085503303536728,0.0706853968100894,892.0,0.6145257949829102,0.4296982288360595,2026-04-21T08:57:24.373067+00:00
SR-ATAD5,klekota_roth,LogisticRegression,smoten,f1_weighted,"{'C': 0.001, 'l1_ratio': 1.0}",0.0224475997295469,1740,0.9804597701149426,0.9707860521277376,0.4950667440510737,0.5533756292669472,0.0224475997295469,0.5,0.3333333333333333,0.3333333333333333,0.7064949820109827,0.6429272756544739,10562.0,0.9304932735426008,0.8969911928459451,0.4819976771196283,0.545958025650991,0.0771374120306711,892.0,0.4836101531982422,0.3633549213409424,2026-04-21T08:57:27.909729+00:00
SR-ATAD5,klekota_roth,LogisticRegression,smoten_enn,f1_weighted,"{'C': 0.001, 'l1_ratio': 1.0}",0.0224475997295469,1740,0.9804597701149426,0.9707860521277376,0.4950667440510737,0.5533756292669472,0.0224475997295469,0.5070084485407066,0.3411494701845539,0.3364337134484296,0.7098634907119588,0.6394209309099174,10416.0,0.9304932735426008,0.8969911928459451,0.4819976771196283,0.545958025650991,0.0771374120306711,892.0,0.4495878219604492,0.3629889488220215,2026-04-21T08:57:29.843088+00:00
SR-ATAD5,maccs,XGBoost,none,f1_weighted,"{'colsample_bytree': 0.8, 'learning_rate': 0.05, 'max_depth': 7, 'min_child_weight': 1, 'n_estimators': 100, 'scale_pos_weight': 4, 'subsample': 0.8}",0.25617234252501714,1740,0.9810344827586207,0.9768555124734488,0.6441298783397686,0.7970226191297152,0.25617234252501714,0.9870673952641166,0.9869306103104091,0.9098446897321847,0.9951500776005704,0.9089372018384962,5490.0,0.929372197309417,0.9073129593526227,0.5615681685196021,0.7034881461329187,0.23922795245160694,892.0,0.22910094261169434,0.233320951461792,2026-04-30T03:56:26.470494+00:00
SR-ATAD5,maccs,XGBoost,random_over,f1_weighted,"{'colsample_bytree': 0.8, 'learning_rate': 0.05, 'max_depth': 3, 'min_child_weight': 10, 'n_estimators': 200, 'scale_pos_weight': 1, 'subsample': 0.8}",0.28832793368217735,1740,0.9816091954022989,0.9783471063302168,0.6753352769679299,0.7981432315012758,0.28832793368217735,0.8746449536072713,0.8745164462821782,0.8745164462821783,0.9444328707691907,0.9351429847468773,10562.0,0.8150224215246636,0.8508703025951403,0.5835773641278976,0.7403808783521181,0.2418672879451256,892.0,0.42937278747558594,0.4277613162994385,2026-04-30T03:56:51.210324+00:00
SR-ATAD5,maccs,XGBoost,random_under,f1_weighted,"{'colsample_bytree': 0.8, 'learning_rate': 0.05, 'max_depth': 7, 'min_child_weight': 1, 'n_estimators': 100, 'scale_pos_weight': 1, 'subsample': 0.8}",0.2716676876782224,1740,0.982183908045977,0.9792587229278332,0.6915581630727532,0.8273136335425143,0.2716676876782224,0.9792663476874003,0.9792284752837332,0.9765900311615952,0.9977908014926399,0.9953945551995395,627.0,0.8374439461883408,0.8620844360754675,0.5709475709475709,0.7322677808006217,0.18554056041178432,892.0,0.06329798698425293,0.052816152572631836,2026-04-30T03:56:56.681796+00:00
SR-ATAD5,maccs,LogisticRegression,smote,f1_weighted,"{'C': 0.01, 'l1_ratio': 0.0}",0.1341399585945128,1740,0.97816091954023,0.973008487020322,0.5814236155073308,0.6767722915660987,0.1341399585945128,0.8242757053588335,0.8241280847406145,0.8241280847406145,0.903382148227035,0.8874855203819936,10562.0,0.7892376681614349,0.8319436929599284,0.5442399469490254,0.6663136416634278,0.1473961235494191,892.0,0.0648088455200195,0.0491912364959716,2026-04-21T08:57:34.847358+00:00
SR-ATAD5,maccs,LogisticRegression,smoteenn,f1_weighted,"{'C': 0.01, 'l1_ratio': 0.0}",0.1423549820733297,1740,0.9775862068965516,0.9726474238322576,0.5794262198560901,0.6816167850493069,0.1423549820733297,0.8261497017510102,0.8260596518126895,0.8261048111847429,0.9065821763498094,0.886314679099985,10394.0,0.7926008968609866,0.8341513670191362,0.5466670329519389,0.6681014380101049,0.1459995561168224,892.0,0.0644009113311767,0.0497567653656005,2026-04-21T08:57:36.886899+00:00
SR-ATAD5,maccs,DecisionTree,smoten,f1_weighted,"{'ccp_alpha': 0.0, 'criterion': 'entropy', 'max_depth': 15, 'min_samples_leaf': 50}",0.1529914433312608,1740,0.9770114942528736,0.9759193243560178,0.6715679797655675,0.7190538583545962,0.1529914433312608,0.9041848134822952,0.9041768972164717,0.9041768972164717,0.9709997980921554,0.9682741607981356,10562.0,0.8609865470852018,0.8705266176241053,0.5374914279023868,0.6520987174504469,0.1243885467043278,892.0,0.0975022315979003,0.0864539146423339,2026-04-22T10:36:29.598183+00:00
SR-ATAD5,maccs,LogisticRegression,smoten_enn,f1_weighted,"{'C': 1, 'l1_ratio': 0.0}",0.0871387599371775,1740,0.9804597701149426,0.9728316764581714,0.5476925899874614,0.5506602992897042,0.0871387599371775,0.9482675880602744,0.9482348845159498,0.9482485189382194,0.9818158016918984,0.9762556164889286,10419.0,0.8890134529147982,0.8885956976458667,0.5677596511064449,0.6205110765643218,0.1714220679915376,892.0,0.160301923751831,0.1432569026947021,2026-04-21T08:57:38.773419+00:00
SR-ATAD5,map4,BalancedRandomForest,none,f1_weighted,"{'max_depth': 5, 'max_features': 'log2', 'min_samples_leaf': 5, 'n_estimators': 100}",0.0835814001020274,1740,0.9816091954022989,0.9735209437480252,0.5509097948122338,0.5854510033790773,0.0835814001020274,0.8947176684881603,0.9211354124798902,0.6624659191863493,0.9450068812181248,0.6282205335392576,5490.0,0.875560538116592,0.8844214051388625,0.5885454976126064,0.6855616012436844,0.1724790388248433,892.0,0.6266250610351562,0.6920111179351807,2026-04-22T00:07:56.628498+00:00
SR-ATAD5,map4,XGBoost,random_over,f1_weighted,"{'colsample_bytree': 0.8, 'learning_rate': 0.05, 'max_depth': 3, 'min_child_weight': 1, 'n_estimators': 100, 'scale_pos_weight': 1, 'subsample': 0.8}",0.08297129340335746,1740,0.9810344827586207,0.9731748494114915,0.5492617217856834,0.6699106958140817,0.08297129340335746,0.9226472259041848,0.9226274166474584,0.9226274166474584,0.978602286402853,0.9780071111085957,10562.0,0.8800448430493274,0.8873194531862684,0.5932720539667523,0.627555382821609,0.19170125343825398,892.0,1.4877450466156006,1.4651100635528564,2026-04-30T03:57:49.622474+00:00
SR-ATAD5,map4,RandomForest,random_under,f1_weighted,"{'max_depth': 5, 'max_features': 'log2', 'min_samples_leaf': 5, 'n_estimators': 100}",0.1040294537975905,1740,0.9816091954022989,0.9735209437480252,0.5509097948122338,0.6616267843596993,0.1040294537975905,0.937799043062201,0.9374459281549746,0.929245815309385,0.9794418625947208,0.9589432941525836,627.0,0.852017937219731,0.8704633902525304,0.5753361417277396,0.6453944811504081,0.1608583911674579,892.0,0.3288571834564209,0.1500577926635742,2026-04-21T19:14:32.297983+00:00
SR-ATAD5,map4,LogisticRegression,smote,f1_weighted,"{'C': 0.001, 'l1_ratio': 1.0}",0.0195402298850574,1740,0.9804597701149426,0.9707860521277376,0.4950667440510737,0.5,0.0195402298850574,0.5,0.3333333333333333,0.3333333333333333,0.5,0.5,10562.0,0.9304932735426008,0.8969911928459451,0.4819976771196283,0.5,0.0695067264573991,892.0,0.1267938613891601,0.1271378993988037,2026-04-21T08:57:46.308276+00:00
SR-ATAD5,map4,LogisticRegression,smoteenn,f1_weighted,"{'C': 0.001, 'l1_ratio': 1.0}",0.0195402298850574,1740,0.9804597701149426,0.9707860521277376,0.4950667440510737,0.5,0.0195402298850574,0.5020439205247648,0.3356068283913016,0.3342405063291139,0.5,0.4979560794752353,10519.0,0.9304932735426008,0.8969911928459451,0.4819976771196283,0.5,0.0695067264573991,892.0,0.1406559944152832,0.142413854598999,2026-04-21T08:57:50.749489+00:00
SR-ATAD5,map4,LogisticRegression,smoten,f1_weighted,"{'C': 0.001, 'l1_ratio': 1.0}",0.0195402298850574,1740,0.9804597701149426,0.9707860521277376,0.4950667440510737,0.5,0.0195402298850574,0.5,0.3333333333333333,0.3333333333333333,0.5,0.5,10562.0,0.9304932735426008,0.8969911928459451,0.4819976771196283,0.5,0.0695067264573991,892.0,0.1293160915374755,0.1159191131591796,2026-04-21T08:57:52.715508+00:00
SR-ATAD5,map4,LogisticRegression,smoten_enn,f1_weighted,"{'C': 0.001, 'l1_ratio': 1.0}",0.0195402298850574,1740,0.9804597701149426,0.9707860521277376,0.4950667440510737,0.5,0.0195402298850574,0.5051654868949684,0.3390885206599718,0.3356212265649825,0.5,0.4948345131050315,10454.0,0.9304932735426008,0.8969911928459451,0.4819976771196283,0.5,0.0695067264573991,892.0,0.1222107410430908,0.1052479743957519,2026-04-21T08:57:54.239402+00:00
SR-ATAD5,mhfp,BalancedRandomForest,none,f1_weighted,"{'max_depth': 5, 'max_features': 'log2', 'min_samples_leaf': 10, 'n_estimators': 200}",0.1093451106780718,1740,0.9816091954022989,0.9735209437480252,0.5509097948122338,0.6780480656506449,0.1093451106780718,0.9515482695810564,0.9601876488134988,0.7903468291741703,0.994849732135334,0.8601123623258448,5490.0,0.9035874439461884,0.8969059762589092,0.576195527269513,0.6402254178002332,0.1830017210896935,892.0,2.066242933273315,1.6225903034210205,2026-04-22T00:08:48.007719+00:00
SR-ATAD5,mhfp,XGBoost,random_over,f1_weighted,"{'colsample_bytree': 0.8, 'learning_rate': 0.1, 'max_depth': 3, 'min_child_weight': 1, 'n_estimators': 100, 'scale_pos_weight': 1, 'subsample': 0.8}",0.14753441486811603,1740,0.9816091954022989,0.9735209437480253,0.5509097948122338,0.6973570788221501,0.14753441486811603,0.9905320961939027,0.9905312474035338,0.9905312474035339,0.9991299783451955,0.9984296928941282,10562.0,0.9136771300448431,0.8948644050086719,0.5243984350656095,0.6188301593470658,0.14575706034878372,892.0,3.5504250526428223,3.4983396530151367,2026-04-30T04:01:15.918432+00:00
SR-ATAD5,mhfp,RandomForest,random_under,f1_weighted,"{'max_depth': 5, 'max_features': 'log2', 'min_samples_leaf': 10, 'n_estimators': 200}",0.1219331603223253,1740,0.9810344827586208,0.9731748494114916,0.5492617217856834,0.698925936142335,0.1219331603223253,0.9872408293460924,0.9872408293460924,0.985645933014354,0.9978709278633732,0.9920255410987334,627.0,0.8923766816143498,0.8931659234038782,0.5900970762249411,0.6466187329965021,0.1700291813913199,892.0,0.4545321464538574,0.3063361644744873,2026-04-21T19:16:00.632115+00:00
SR-ATAD5,mhfp,LogisticRegression,smote,f1_weighted,"{'C': 1, 'l1_ratio': 1.0}",0.111701681685707,1740,0.9798850574712644,0.9733408070962924,0.5680820431350577,0.7546807116750568,0.111701681685707,0.9999053209619392,0.9999053209610904,0.9999053209610904,0.9999999820717596,0.9999999641503076,10562.0,0.9248878923766816,0.904486418993118,0.5563012732469653,0.6210454722114263,0.1439916454031145,892.0,2.288874864578247,2.2752020359039307,2026-04-21T08:58:07.041814+00:00
SR-ATAD5,mhfp,LogisticRegression,smoteenn,f1_weighted,"{'C': 0.001, 'l1_ratio': 1.0}",0.0223764374197452,1740,0.9804597701149426,0.9707860521277376,0.4950667440510737,0.5464623129439349,0.0223764374197452,0.5006636329161926,0.3340709641077027,0.3336281508623412,0.7705947040784825,0.7259894447356485,10548.0,0.9304932735426008,0.8969911928459451,0.4819976771196283,0.5483579479207151,0.0774335339130297,892.0,0.9808483123779296,0.7263062000274658,2026-04-21T08:58:07.448658+00:00
SR-ATAD5,mhfp,BernoulliNB,smoten,f1_weighted,{'alpha': 0.1},0.0721446444639441,1740,0.9810344827586208,0.972184432353593,0.5237818784988596,0.6063116336804358,0.0721446444639441,0.9480212081045256,0.9479941315055802,0.94799413150558,0.9821787552429794,0.9838102620801294,10562.0,0.9282511210762332,0.9017067867066036,0.5241873645607601,0.5947434900893898,0.1491724863380134,892.0,0.5800318717956543,0.4940919876098633,2026-04-21T14:31:39.742847+00:00
SR-ATAD5,mhfp,BernoulliNB,smoten_enn,f1_weighted,{'alpha': 0.1},0.0720717107873011,1740,0.9810344827586208,0.972184432353593,0.5237818784988596,0.6067598786290601,0.0720717107873011,0.9498623112714842,0.9498364727298976,0.9498328968603028,0.9834309699642024,0.9845714464615926,10531.0,0.9282511210762332,0.9017067867066036,0.5241873645607601,0.594733773804897,0.1490888683379332,892.0,0.4723618030548095,0.4313218593597412,2026-04-21T14:31:41.033263+00:00
SR-ATAD5,morgan_2048,RandomForest,none,f1_weighted,"{'max_depth': 5, 'max_features': 'sqrt', 'min_samples_leaf': 20, 'n_estimators': 200}",0.1050090565030838,1740,0.9816091954022989,0.9735209437480252,0.5509097948122338,0.7259326942969451,0.1050090565030838,0.8642987249544627,0.9004987806484739,0.6019513294614409,0.875034541993551,0.398952142263658,5490.0,0.8094170403587444,0.8444130704100276,0.5522722978080121,0.6880392537893508,0.1984615833248383,892.0,0.5056960582733154,0.5178639888763428,2026-04-21T19:17:23.600793+00:00
SR-ATAD5,morgan_2048,XGBoost,random_over,f1_weighted,"{'colsample_bytree': 0.8, 'learning_rate': 0.1, 'max_depth': 3, 'min_child_weight': 1, 'n_estimators': 200, 'scale_pos_weight': 1, 'subsample': 0.8}",0.22992611126997847,1740,0.9804597701149426,0.973700213846565,0.5700581395348837,0.787919798634577,0.22992611126997847,0.9485892823328915,0.9485702840707858,0.9485702840707859,0.9851059707817728,0.9815523760893261,10562.0,0.8677130044843049,0.8787625181061332,0.5756901444788441,0.7144286824718227,0.18299305607218794,892.0,4.090024948120117,4.063836097717285,2026-04-30T04:06:17.826679+00:00
SR-ATAD5,morgan_2048,XGBoost,random_under,f1_weighted,"{'colsample_bytree': 0.8, 'learning_rate': 0.1, 'max_depth': 5, 'min_child_weight': 10, 'n_estimators': 200, 'scale_pos_weight': 1, 'subsample': 0.8}",0.21587248893117328,1740,0.9816091954022989,0.9783471063302168,0.6753352769679299,0.7350699951727466,0.21587248893117328,0.8293460925039873,0.8255620229547969,0.8000500701876738,0.8992582587394978,0.852635628738196,627.0,0.8038116591928252,0.8411389732349334,0.5515695067264574,0.647191993781578,0.11995485202025012,892.0,0.4712650775909424,0.47162604331970215,2026-04-30T04:06:53.610274+00:00
SR-ATAD5,morgan_2048,LogisticRegression,smote,f1_weighted,"{'C': 0.001, 'l1_ratio': 1.0}",0.0294707464790758,1740,0.9804597701149426,0.9707860521277376,0.4950667440510737,0.6322322598441488,0.0294707464790758,0.5,0.3333333333333333,0.3333333333333333,0.6900208293883735,0.6293496731655055,10562.0,0.9304932735426008,0.8969911928459451,0.4819976771196283,0.5604741546832491,0.0795104231962325,892.0,0.1816799640655517,0.169558048248291,2026-04-21T08:58:38.297775+00:00
SR-ATAD5,morgan_2048,LogisticRegression,smoteenn,f1_weighted,"{'C': 0.001, 'l1_ratio': 1.0}",0.0294707464790758,1740,0.9804597701149426,0.9707860521277376,0.4950667440510737,0.6322322598441488,0.0294707464790758,0.5026651437273939,0.3362988058560039,0.3345157407993919,0.691081433938947,0.6277778185032522,10506.0,0.9304932735426008,0.8969911928459451,0.4819976771196283,0.5604741546832491,0.0795104231962325,892.0,0.1739509105682373,0.1600258350372314,2026-04-21T08:58:38.819733+00:00
SR-ATAD5,morgan_2048,LogisticRegression,smoten,f1_weighted,"{'C': 0.01, 'l1_ratio': 1.0}",0.071159024786225,1740,0.9798850574712644,0.9715490827091576,0.5219442503787552,0.7122267429832425,0.071159024786225,0.8539102442719182,0.8538541091107812,0.8538541091107812,0.9358125424607966,0.9311571741440832,10562.0,0.8139013452914798,0.8433793335851266,0.519963690591973,0.5455790905557715,0.0972600236942609,892.0,0.3559820652008056,0.2909407615661621,2026-04-21T08:58:42.235474+00:00
SR-ATAD5,morgan_2048,LogisticRegression,smoten_enn,f1_weighted,"{'C': 0.01, 'l1_ratio': 1.0}",0.0564554606404788,1740,0.9798850574712644,0.9715490827091576,0.5219442503787552,0.7057530515136886,0.0564554606404788,0.8643288301235987,0.8642889639297842,0.8643087388275097,0.9431450172897584,0.9346849279703874,10437.0,0.8172645739910314,0.8454721929041534,0.5221370984970239,0.5364652157015157,0.0952408648484729,892.0,0.1831588745117187,0.168475866317749,2026-04-21T08:58:43.256387+00:00
SR-ATAD5,morgan_4096,RandomForest,none,f1_weighted,"{'max_depth': 10, 'max_features': 'sqrt', 'min_samples_leaf': 20, 'n_estimators': 100}",0.1015391746270633,1740,0.9816091954022989,0.9735209437480252,0.5509097948122338,0.706718502172264,0.1015391746270633,0.8941712204007286,0.9195538847270892,0.6414958426897214,0.8991985351476676,0.4434051195967449,5490.0,0.8396860986547086,0.862575108621754,0.5646300297286874,0.6917022930431403,0.2166943295638135,892.0,0.5084128379821777,0.5486190319061279,2026-04-21T19:19:38.045748+00:00
SR-ATAD5,morgan_4096,XGBoost,random_over,f1_weighted,"{'colsample_bytree': 0.8, 'learning_rate': 0.1, 'max_depth': 7, 'min_child_weight': 10, 'n_estimators': 200, 'scale_pos_weight': 1, 'subsample': 0.8}",0.19614707942498047,1740,0.9810344827586207,0.9748641895479327,0.5927630692416258,0.782316736776774,0.19614707942498047,0.9864608975572808,0.9864584152860174,0.9864584152860175,0.9982939844908528,0.9976594304839189,10562.0,0.9091928251121076,0.9024394339937949,0.5973450587664889,0.749737660318694,0.20881794970770456,892.0,12.301793098449707,12.10400104522705,2026-04-30T04:09:53.392201+00:00
SR-ATAD5,morgan_4096,XGBoost,random_under,f1_weighted,"{'colsample_bytree': 0.8, 'learning_rate': 0.1, 'max_depth': 5, 'min_child_weight': 10, 'n_estimators': 200, 'scale_pos_weight': 1, 'subsample': 0.8}",0.16524766099403854,1740,0.9810344827586207,0.976251233917248,0.6285298398835517,0.7645507206399559,0.16524766099403854,0.8516746411483254,0.847877503424832,0.8252031667331149,0.9081293926421099,0.8586865975539456,627.0,0.8015695067264574,0.8382019936330964,0.5356885533718191,0.6302370773416246,0.11615912594548713,892.0,1.22495698928833,1.1339008808135986,2026-04-30T04:10:10.830392+00:00
SR-ATAD5,morgan_4096,LogisticRegression,smote,f1_weighted,"{'C': 0.001, 'l1_ratio': 1.0}",0.0302608754006815,1740,0.9804597701149426,0.9707860521277376,0.4950667440510737,0.6423867319495208,0.0302608754006815,0.5,0.3333333333333333,0.3333333333333333,0.7745137762572081,0.710852824377964,10562.0,0.9304932735426008,0.8969911928459451,0.4819976771196283,0.5734551107656432,0.0819252838990873,892.0,0.4801030158996582,0.3660709857940674,2026-04-21T08:58:55.794963+00:00
SR-ATAD5,morgan_4096,LogisticRegression,smoteenn,f1_weighted,"{'C': 0.001, 'l1_ratio': 1.0}",0.0302608754006815,1740,0.9804597701149426,0.9707860521277376,0.4950667440510737,0.6423867319495208,0.0302608754006815,0.5021393933631264,0.3357131455058451,0.3342828206102038,0.7764178565678392,0.7105864153686642,10517.0,0.9304932735426008,0.8969911928459451,0.4819976771196283,0.5734551107656432,0.0819252838990873,892.0,0.4740810394287109,0.3192379474639892,2026-04-21T08:58:57.570308+00:00
SR-ATAD5,morgan_4096,XGBoost,smoten,f1_weighted,"{'colsample_bytree': 0.8, 'learning_rate': 0.05, 'max_depth': 7, 'min_child_weight': 10, 'n_estimators': 200, 'scale_pos_weight': 1, 'subsample': 0.8}",0.08837509277456547,1740,0.9747126436781609,0.9720475960284211,0.6007176234979973,0.698408730432384,0.08837509277456547,0.975194092028025,0.9751936214986917,0.9751936214986916,0.9939528044805972,0.9952623745137844,10562.0,0.9192825112107623,0.893193169567963,0.49246088193456616,0.595812281383599,0.10418710499249956,892.0,15.262014150619507,14.974862813949585,2026-04-30T04:12:40.074331+00:00
SR-ATAD5,morgan_4096,XGBoost,smoten_enn,f1_weighted,"{'colsample_bytree': 0.8, 'learning_rate': 0.05, 'max_depth': 7, 'min_child_weight': 5, 'n_estimators': 200, 'scale_pos_weight': 1, 'subsample': 0.8}",0.08527823368721882,1740,0.9741379310344828,0.9716840228347472,0.5986899764749296,0.6853148058754568,0.08527823368721882,0.9875657580105213,0.9875658683625597,0.9875646875957478,0.9985483401450761,0.9987258323581488,10455.0,0.9260089686098655,0.8967493861980805,0.49547511312217196,0.5406237854644385,0.09013596513961024,892.0,14.771240949630737,15.00531005859375,2026-04-30T04:16:21.756365+00:00
SR-ATAD5,pubchem,RUSBoost,none,f1_weighted,"{'learning_rate': 0.02, 'n_estimators': 50, 'sampling_strategy': 'auto'}",0.1794941953378079,1740,0.9758620689655172,0.9738164815897136,0.6317942723553478,0.8112974967243638,0.1794941953378079,0.7717668488160292,0.8414775234650992,0.5321402165358923,0.8399457656725517,0.2232203809023212,5490.0,0.7477578475336323,0.8063813000130214,0.543090004666993,0.7508258841818889,0.1728329053403728,892.0,0.2398641109466552,0.1922419071197509,2026-04-29T19:13:25.751241+00:00
SR-ATAD5,pubchem,XGBoost,random_over,f1_weighted,"{'colsample_bytree': 0.8, 'learning_rate': 0.05, 'max_depth': 5, 'min_child_weight': 1, 'n_estimators': 100, 'scale_pos_weight': 1, 'subsample': 0.8}",0.28490362625802057,1740,0.9827586206896551,0.9781166406954211,0.6547253677637845,0.751034411419902,0.28490362625802057,0.9194281386101117,0.9193686031587335,0.9193686031587335,0.9750986600038634,0.9719731737439095,10562.0,0.8531390134529148,0.8741072673388096,0.6011645726885178,0.7095511076564321,0.19431282118612414,892.0,1.215226173400879,1.278503179550171,2026-04-30T04:18:58.205115+00:00
SR-ATAD5,pubchem,XGBoost,random_under,f1_weighted,"{'colsample_bytree': 0.8, 'learning_rate': 0.1, 'max_depth': 7, 'min_child_weight': 5, 'n_estimators': 200, 'scale_pos_weight': 1, 'subsample': 0.8}",0.2605729094183415,1740,0.9839080459770115,0.980602443533478,0.7042540792540792,0.732682228811806,0.2605729094183415,0.9665071770334929,0.9663170382372941,0.9619015928588996,0.9957304091023558,0.9907630610316207,627.0,0.8060538116591929,0.8433015427402424,0.5600712707576081,0.7376117372716672,0.18585294177210543,892.0,0.26285505294799805,0.24164605140686035,2026-04-30T04:19:40.896694+00:00
SR-ATAD5,pubchem,RandomForest,smote,f1_weighted,"{'max_depth': 10, 'max_features': 'sqrt', 'min_samples_leaf': 5, 'n_estimators': 200}",0.219959703944267,1740,0.982183908045977,0.9763875719995732,0.6174440953481939,0.6544462450865458,0.219959703944267,0.9164930884302216,0.9162209209464156,0.9162209209464156,0.9748425192318926,0.9695525391453697,10562.0,0.8665919282511211,0.8792595818994248,0.5844487333570832,0.5858045083560046,0.1836742585008581,892.0,1.5843429565429688,1.886133909225464,2026-04-21T19:23:34.470334+00:00
SR-ATAD5,pubchem,RandomForest,smoteenn,f1_weighted,"{'max_depth': 10, 'max_features': 'sqrt', 'min_samples_leaf': 20, 'n_estimators': 100}",0.170064548567087,1740,0.982183908045977,0.9756350514971204,0.5980595980595981,0.6248965588580098,0.170064548567087,0.8945904469595243,0.8943412678658182,0.8943997969793658,0.9614906400247766,0.953793612661428,10426.0,0.850896860986547,0.8712490411373071,0.5870585983048783,0.5996599300427516,0.1596345417626717,892.0,0.944488286972046,0.6682701110839844,2026-04-21T19:23:46.594585+00:00
SR-ATAD5,pubchem,XGBoost,smoten,f1_weighted,"{'colsample_bytree': 0.8, 'learning_rate': 0.1, 'max_depth': 7, 'min_child_weight': 5, 'n_estimators': 200, 'scale_pos_weight': 1, 'subsample': 0.8}",0.19859949869783894,1740,0.9810344827586207,0.9748641895479327,0.5927630692416258,0.7000982690848907,0.19859949869783894,0.9865555765953418,0.9865553639992368,0.9865553639992369,0.9989354569358105,0.9989387472559624,10562.0,0.9349775784753364,0.9153578462070784,0.6014421299149513,0.7433443451224251,0.2752174626180019,892.0,2.7899367809295654,2.7728657722473145,2026-04-30T04:20:08.896458+00:00
SR-ATAD5,pubchem,BernoulliNB,smoten_enn,f1_weighted,{'alpha': 50.0},0.0823393595193829,1740,0.9816091954022989,0.9735209437480252,0.5509097948122338,0.5659695883042548,0.0823393595193829,0.7819317635752042,0.7803006593606312,0.7805622358281368,0.882174505514518,0.8905587691530472,10405.0,0.7466367713004485,0.8026714222820843,0.503819950380026,0.5436941313641663,0.1454950841501769,892.0,0.1459572315216064,0.1084458827972412,2026-04-21T14:32:34.400247+00:00
SR-ATAD5,rdkit,XGBoost,none,f1_weighted,"{'colsample_bytree': 0.8, 'learning_rate': 0.05, 'max_depth': 3, 'min_child_weight': 10, 'n_estimators': 200, 'scale_pos_weight': 8, 'subsample': 0.8}",0.10723410476717267,1740,0.9810344827586207,0.9731748494114915,0.5492617217856834,0.6690573063926626,0.10723410476717267,0.9814207650273225,0.9818273244607431,0.8787238521452351,0.991964060018356,0.8476995190441929,5490.0,0.929372197309417,0.9115169718668162,0.5926143407059438,0.7214924212980955,0.24919091757193942,892.0,2.9567439556121826,2.8930740356445312,2026-04-30T04:21:08.088289+00:00
SR-ATAD5,rdkit,XGBoost,random_over,f1_weighted,"{'colsample_bytree': 0.8, 'learning_rate': 0.1, 'max_depth': 3, 'min_child_weight': 1, 'n_estimators': 200, 'scale_pos_weight': 1, 'subsample': 0.8}",0.11099492523874735,1740,0.9816091954022989,0.9744298131371026,0.574298908223493,0.6116819529687608,0.11099492523874735,0.9816322666161712,0.9816285612309804,0.9816285612309804,0.9979195173316066,0.9975934629748757,10562.0,0.9147982062780269,0.9061669830908321,0.6048588281923947,0.6530703458997279,0.23187616504006062,892.0,5.340275764465332,5.347189664840698,2026-04-30T04:21:12.413893+00:00
SR-ATAD5,rdkit,XGBoost,random_under,f1_weighted,"{'colsample_bytree': 0.8, 'learning_rate': 0.1, 'max_depth': 3, 'min_child_weight': 10, 'n_estimators': 200, 'scale_pos_weight': 1, 'subsample': 0.8}",0.11464149095389467,1740,0.9804597701149426,0.9728316764581714,0.5476925899874614,0.7876439555892697,0.11464149095389467,0.9665071770334929,0.966272057181148,0.9618047799865981,0.9969666445365262,0.9936472065356022,627.0,0.8060538116591929,0.8433015427402424,0.5600712707576081,0.7317236688690245,0.16996545803454238,892.0,0.40059399604797363,0.38579511642456055,2026-04-30T04:21:32.521266+00:00
SR-ATAD5,rdkit,LogisticRegression,smote,f1_weighted,"{'C': 0.001, 'l1_ratio': 1.0}",0.0250510131375884,1740,0.9804597701149426,0.9707860521277376,0.4950667440510737,0.5696331287497414,0.0250510131375884,0.5,0.3333333333333333,0.3333333333333333,0.7085779208483242,0.6506934402897305,10562.0,0.9304932735426008,0.8969911928459451,0.4819976771196283,0.5083171395258453,0.0706560891876834,892.0,0.4088988304138183,0.3195431232452392,2026-04-21T08:59:35.762914+00:00
SR-ATAD5,rdkit,LogisticRegression,smoteenn,f1_weighted,"{'C': 0.001, 'l1_ratio': 1.0}",0.0250510131375884,1740,0.9804597701149426,0.9707860521277376,0.4950667440510737,0.5696331287497414,0.0250510131375884,0.5093065869418459,0.3437249949699537,0.337444089456869,0.7075682344086253,0.6417286421505275,10369.0,0.9304932735426008,0.8969911928459451,0.4819976771196283,0.5083171395258453,0.0706560891876834,892.0,0.3524239063262939,0.3177309036254883,2026-04-21T08:59:36.736292+00:00
SR-ATAD5,rdkit,LogisticRegression,smoten,f1_weighted,"{'C': 0.001, 'l1_ratio': 1.0}",0.0250510131375884,1740,0.9804597701149426,0.9707860521277376,0.4950667440510737,0.5696331287497414,0.0250510131375884,0.5,0.3333333333333333,0.3333333333333333,0.7114182919901534,0.65309893178247,10562.0,0.9304932735426008,0.8969911928459451,0.4819976771196283,0.5083171395258453,0.0706560891876834,892.0,0.3593957424163818,0.2961289882659912,2026-04-21T08:59:39.777126+00:00
SR-ATAD5,rdkit,LogisticRegression,smoten_enn,f1_weighted,"{'C': 0.001, 'l1_ratio': 1.0}",0.0250510131375884,1740,0.9804597701149426,0.9707860521277376,0.4950667440510737,0.5696331287497414,0.0250510131375884,0.5066679458888995,0.34076839305136,0.3362837493632196,0.7145239927582873,0.6499835281227926,10423.0,0.9304932735426008,0.8969911928459451,0.4819976771196283,0.5083171395258453,0.0706560891876834,892.0,0.3290681838989258,0.2855041027069092,2026-04-21T08:59:42.310252+00:00
SR-ATAD5,topological_torsion,BalancedRandomForest,none,f1_weighted,"{'max_depth': 5, 'max_features': 'sqrt', 'min_samples_leaf': 5, 'n_estimators': 100}",0.1004150663387813,1740,0.9810344827586208,0.9731748494114916,0.5492617217856834,0.6322495000344804,0.1004150663387813,0.7857923497267759,0.8505262634642556,0.5360335331227836,0.8258752827913374,0.2971625041083707,5490.0,0.7376681614349776,0.7975734225983704,0.5100281690140844,0.617285270112709,0.1229269538248808,892.0,1.0648677349090576,0.9329309463500975,2026-04-22T00:15:10.723100+00:00
SR-ATAD5,topological_torsion,XGBoost,random_over,f1_weighted,"{'colsample_bytree': 0.8, 'learning_rate': 0.1, 'max_depth': 5, 'min_child_weight': 5, 'n_estimators': 200, 'scale_pos_weight': 1, 'subsample': 0.8}",0.19215724178838467,1740,0.9793103448275862,0.9737399688345054,0.5856704413165414,0.7461812978415282,0.19215724178838467,0.971596288581708,0.9715832779455673,0.9715832779455673,0.9961583366264524,0.9950526084361129,10562.0,0.8811659192825112,0.8866883652474936,0.5837427580256045,0.5952390205985232,0.21485448062950255,892.0,4.926691055297852,4.444176197052002,2026-04-30T04:25:30.349250+00:00
SR-ATAD5,topological_torsion,BernoulliNB,random_under,f1_weighted,{'alpha': 0.1},0.175726535865617,1740,0.975287356321839,0.9743247765166568,0.6524380896637262,0.7405868560788911,0.175726535865617,0.8516746411483254,0.8541640829757504,0.8392985589205546,0.9306906893157209,0.8770013558354509,627.0,0.742152466367713,0.8016253457725546,0.5264737109356968,0.6148464827050136,0.1443536803346187,892.0,0.0499420166015625,0.0216391086578369,2026-04-21T14:32:55.911640+00:00
SR-ATAD5,topological_torsion,LogisticRegression,smote,f1_weighted,"{'C': 0.001, 'l1_ratio': 1.0}",0.0195402298850574,1740,0.9804597701149426,0.9707860521277376,0.4950667440510737,0.5,0.0195402298850574,0.5,0.3333333333333333,0.3333333333333333,0.5,0.5,10562.0,0.9304932735426008,0.8969911928459451,0.4819976771196283,0.5,0.0695067264573991,892.0,0.2061889171600341,0.1933271884918213,2026-04-21T08:59:51.628226+00:00
SR-ATAD5,topological_torsion,LogisticRegression,smoteenn,f1_weighted,"{'C': 0.001, 'l1_ratio': 1.0}",0.0195402298850574,1740,0.9804597701149426,0.9707860521277376,0.4950667440510737,0.5,0.0195402298850574,0.5023782343987824,0.3359791623959943,0.3343886532007851,0.5,0.4976217656012177,10512.0,0.9304932735426008,0.8969911928459451,0.4819976771196283,0.5,0.0695067264573991,892.0,0.186279296875,0.1695377826690673,2026-04-21T08:59:52.582138+00:00
SR-ATAD5,topological_torsion,LogisticRegression,smoten,f1_weighted,"{'C': 0.001, 'l1_ratio': 1.0}",0.0195402298850574,1740,0.9804597701149426,0.9707860521277376,0.4950667440510737,0.5,0.0195402298850574,0.5,0.3333333333333333,0.3333333333333333,0.5,0.5,10562.0,0.9304932735426008,0.8969911928459451,0.4819976771196283,0.5,0.0695067264573991,892.0,0.1768450736999511,0.1730580329895019,2026-04-21T08:59:56.080964+00:00
SR-ATAD5,topological_torsion,LogisticRegression,smoten_enn,f1_weighted,"{'C': 0.001, 'l1_ratio': 1.0}",0.0195402298850574,1740,0.9804597701149426,0.9707860521277376,0.4950667440510737,0.5,0.0195402298850574,0.5058913689050676,0.3398997861561911,0.335941475826972,0.5,0.4941086310949324,10439.0,0.9304932735426008,0.8969911928459451,0.4819976771196283,0.5,0.0695067264573991,892.0,0.1828868389129638,0.1619927883148193,2026-04-21T08:59:56.478927+00:00
SR-HSE,atom_pair,XGBoost,none,f1_weighted,"{'colsample_bytree': 0.8, 'learning_rate': 0.05, 'max_depth': 5, 'min_child_weight': 1, 'n_estimators': 100, 'scale_pos_weight': 4, 'subsample': 0.8}",0.11388039519352108,1634,0.9608323133414932,0.9433190069724685,0.5328508889484499,0.6486393812685138,0.11388039519352108,0.9787406357562259,0.9771614897949605,0.8820017215263836,0.9854584612455677,0.8924555511080566,4939.0,0.9645714285714285,0.9557159289924421,0.6128815881488248,0.7937242011924782,0.25472828127170427,875.0,1.6781079769134521,1.63673996925354,2026-04-30T04:29:22.104353+00:00
SR-HSE,atom_pair,XGBoost,random_over,f1_weighted,"{'colsample_bytree': 0.8, 'learning_rate': 0.1, 'max_depth': 5, 'min_child_weight': 5, 'n_estimators': 200, 'scale_pos_weight': 1, 'subsample': 0.8}",0.11287239084057728,1634,0.9547123623011016,0.9424155304431981,0.5581395348837209,0.6034632199563763,0.11287239084057728,0.9875776397515528,0.9875775576934006,0.9875775576934007,0.9991336064061107,0.9990283352681599,9338.0,0.9268571428571428,0.9370902214512323,0.6171097254129745,0.7761427916220761,0.2145111295122716,875.0,4.774319171905518,4.750327110290527,2026-04-30T04:29:27.234459+00:00
SR-HSE,atom_pair,RandomForest,random_under,f1_weighted,"{'max_depth': 10, 'max_features': 'sqrt', 'min_samples_leaf': 5, 'n_estimators': 100}",0.079650011655614,1634,0.95593635250918,0.9395229199068662,0.5150375939849624,0.641710083913553,0.079650011655614,0.9061728395061728,0.9054252335580693,0.8928093831838191,0.9541220850480108,0.9206469952010486,810.0,0.7954285714285714,0.8582675568155915,0.532865677072615,0.7599373184528361,0.2454012181802303,875.0,0.3567318916320801,0.1803150177001953,2026-04-21T19:28:52.548794+00:00
SR-HSE,atom_pair,LogisticRegression,smote,f1_weighted,"{'C': 0.001, 'l1_ratio': 1.0}",0.0410036719706242,1634,0.9589963280293756,0.9389236151340404,0.4895345204623555,0.5,0.0410036719706242,0.5,0.3333333333333333,0.3333333333333333,0.5,0.5,9338.0,0.9645714285714284,0.9471765976896868,0.4909831297265852,0.5,0.0354285714285714,875.0,0.2435519695281982,0.1452291011810302,2026-04-21T09:00:09.488150+00:00
SR-HSE,atom_pair,LogisticRegression,smoteenn,f1_weighted,"{'C': 0.001, 'l1_ratio': 1.0}",0.0410036719706242,1634,0.9589963280293756,0.9389236151340404,0.4895345204623555,0.5,0.0410036719706242,0.5030165912518854,0.3366904830557025,0.3346713497240341,0.5,0.4969834087481146,9282.0,0.9645714285714284,0.9471765976896868,0.4909831297265852,0.5,0.0354285714285714,875.0,0.1707417964935302,0.1791529655456543,2026-04-21T09:00:09.969026+00:00
SR-HSE,atom_pair,LogisticRegression,smoten,f1_weighted,"{'C': 0.001, 'l1_ratio': 1.0}",0.0410036719706242,1634,0.9589963280293756,0.9389236151340404,0.4895345204623555,0.5,0.0410036719706242,0.5,0.3333333333333333,0.3333333333333333,0.5,0.5,9338.0,0.9645714285714284,0.9471765976896868,0.4909831297265852,0.5,0.0354285714285714,875.0,0.1755049228668213,0.1332819461822509,2026-04-21T09:00:10.623929+00:00
SR-HSE,atom_pair,LogisticRegression,smoten_enn,f1_weighted,"{'C': 0.001, 'l1_ratio': 1.0}",0.0410036719706242,1634,0.9589963280293756,0.9389236151340404,0.4895345204623555,0.5,0.0410036719706242,0.5093269335660522,0.3437478249233734,0.3374530211043654,0.5,0.4906730664339478,9167.0,0.9645714285714284,0.9471765976896868,0.4909831297265852,0.5,0.0354285714285714,875.0,0.1395931243896484,0.1523141860961914,2026-04-21T09:00:14.256721+00:00
SR-HSE,avalon,XGBoost,none,f1_weighted,"{'colsample_bytree': 0.8, 'learning_rate': 0.05, 'max_depth': 5, 'min_child_weight': 1, 'n_estimators': 100, 'scale_pos_weight': 4, 'subsample': 0.8}",0.3358111585036642,1634,0.9675642594859241,0.9584647967491094,0.679909815009887,0.7669851127260952,0.3358111585036642,0.9793480461631909,0.978349370665378,0.8904859003678165,0.9862552850558848,0.8838207611281486,4939.0,0.9634285714285714,0.960019777631085,0.6828848418954426,0.818376395046629,0.2924044991060091,875.0,0.4923279285430908,0.46824073791503906,2026-04-30T04:33:22.125246+00:00
SR-HSE,avalon,RandomForest,random_over,f1_weighted,"{'max_depth': 10, 'max_features': 'sqrt', 'min_samples_leaf': 10, 'n_estimators': 200}",0.4294332031749548,1634,0.9681762545899631,0.959535237608734,0.6895034569453174,0.8115469239634628,0.4294332031749548,0.9509530948811308,0.9509336277435292,0.9509336277435292,0.9923289510279588,0.9919217212739077,9338.0,0.9451428571428572,0.948788921051138,0.6523639253079062,0.8179941904907506,0.2952346208521891,875.0,1.5773448944091797,1.2933909893035889,2026-04-21T19:30:34.617474+00:00
SR-HSE,avalon,RandomForest,random_under,f1_weighted,"{'max_depth': 5, 'max_features': 'sqrt', 'min_samples_leaf': 5, 'n_estimators': 200}",0.3244398668652772,1634,0.9657282741738066,0.9564225635786364,0.6656191074795726,0.7711807903685147,0.3244398668652772,0.8876543209876543,0.8865769323243313,0.8712666723718474,0.9431275720164608,0.913142069171882,810.0,0.8297142857142857,0.8801739718660151,0.5621606010027907,0.7902461397339855,0.1678916491815602,875.0,0.3893330097198486,0.3768370151519775,2026-04-21T19:30:56.920007+00:00
SR-HSE,avalon,LogisticRegression,smote,f1_weighted,"{'C': 0.001, 'l1_ratio': 1.0}",0.0410036719706242,1634,0.9589963280293756,0.9389236151340404,0.4895345204623555,0.5,0.0410036719706242,0.5,0.3333333333333333,0.3333333333333333,0.5,0.5,9338.0,0.9645714285714284,0.9471765976896868,0.4909831297265852,0.5,0.0354285714285714,875.0,0.0988867282867431,0.0550410747528076,2026-04-21T09:00:21.013954+00:00
SR-HSE,avalon,LogisticRegression,smoteenn,f1_weighted,"{'C': 0.001, 'l1_ratio': 1.0}",0.0410036719706242,1634,0.9589963280293756,0.9389236151340404,0.4895345204623555,0.5,0.0410036719706242,0.5074448429518531,0.3416380636975056,0.3366258111031002,0.5,0.4925551570481469,9201.0,0.9645714285714284,0.9471765976896868,0.4909831297265852,0.5,0.0354285714285714,875.0,0.0580480098724365,0.0475959777832031,2026-04-21T09:00:22.502729+00:00
SR-HSE,avalon,XGBoost,smoten,f1_weighted,"{'colsample_bytree': 0.8, 'learning_rate': 0.1, 'max_depth': 5, 'min_child_weight': 1, 'n_estimators': 200, 'scale_pos_weight': 1, 'subsample': 0.8}",0.1469166250883305,1634,0.9583843329253366,0.9470845414883444,0.5939660590823381,0.6647458305155778,0.1469166250883305,0.9920753908759906,0.9920753850596424,0.9920753850596423,0.9996038681696389,0.9996092233436876,9338.0,0.9577142857142857,0.9559220911108249,0.6645112485880975,0.7723971869744688,0.3190635772044929,875.0,1.375511884689331,1.3401768207550049,2026-04-30T04:34:20.988124+00:00
SR-HSE,avalon,XGBoost,smoten_enn,f1_weighted,"{'colsample_bytree': 0.8, 'learning_rate': 0.1, 'max_depth': 7, 'min_child_weight': 5, 'n_estimators': 100, 'scale_pos_weight': 1, 'subsample': 0.8}",0.17964008889512176,1634,0.9620563035495716,0.947922514364246,0.5823934837092731,0.6525112154606674,0.17964008889512176,0.9890865437083924,0.9890873931661937,0.98908464029369,0.999557964675873,0.9995397684347382,9163.0,0.9531428571428572,0.9492886733684145,0.6011274057437653,0.7320363858737196,0.20169250316866996,875.0,0.7987368106842041,0.7946031093597412,2026-04-30T04:34:30.807696+00:00
SR-HSE,erg,DecisionTree,none,f1_weighted,"{'ccp_alpha': 0.0, 'criterion': 'gini', 'max_depth': 5, 'min_samples_leaf': 10}",0.0592519042345608,1634,0.9589963280293756,0.9412085667246516,0.5176904404216981,0.5651020583108706,0.0592519042345608,0.7876088276979145,0.842414753699601,0.5693782095530345,0.8149853644606267,0.1963831465335318,4939.0,0.7862857142857143,0.8520528104988535,0.5157719977863863,0.7071930897416298,0.1077910635552823,875.0,0.0563089847564697,0.0501799583435058,2026-04-22T10:54:45.109802+00:00
SR-HSE,erg,RandomForest,random_over,f1_weighted,"{'max_depth': 15, 'max_features': 'log2', 'min_samples_leaf': 5, 'n_estimators': 100}",0.0762314955005415,1634,0.9589963280293756,0.9432470483486992,0.5428416327382817,0.5806655935383707,0.0762314955005415,0.8966588134504176,0.8965541685294928,0.8965541685294927,0.9692914228869104,0.9690816358865642,9338.0,0.9131428571428571,0.9265185473780428,0.5640373420045104,0.7384956428680629,0.1348221697205891,875.0,0.3141458034515381,0.2832889556884765,2026-04-21T19:31:56.124330+00:00
SR-HSE,erg,RandomForest,random_under,f1_weighted,"{'max_depth': 15, 'max_features': 'log2', 'min_samples_leaf': 5, 'n_estimators': 200}",0.0727618522787878,1634,0.9547123623011016,0.9407224463852352,0.5371671795814004,0.6557401251559687,0.0727618522787878,0.8444444444444444,0.8428671328671329,0.8215734265734266,0.9198388203017832,0.8559018156443091,810.0,0.8205714285714286,0.8733660239876792,0.5299899754003853,0.752675431891148,0.1507654299216785,875.0,0.3966090679168701,0.3062279224395752,2026-04-21T19:32:04.845209+00:00
SR-HSE,erg,XGBoost,smote,f1_weighted,"{'colsample_bytree': 0.8, 'learning_rate': 0.1, 'max_depth': 7, 'min_child_weight': 1, 'n_estimators': 200, 'scale_pos_weight': 1, 'subsample': 0.8}",0.07665106658025453,1634,0.9583843329253366,0.9408701326134071,0.5171394799054373,0.6615312080313176,0.07665106658025453,0.9867209252516599,0.9867199505495033,0.9867199505495032,0.9989097945596244,0.9989197936230121,9338.0,0.9577142857142857,0.9511527913372969,0.5955197961044965,0.7251375936401163,0.20377174849694135,875.0,2.8387160301208496,2.694010019302368,2026-04-30T04:35:04.487906+00:00
SR-HSE,erg,XGBoost,smoteenn,f1_weighted,"{'colsample_bytree': 0.8, 'learning_rate': 0.05, 'max_depth': 5, 'min_child_weight': 1, 'n_estimators': 200, 'scale_pos_weight': 1, 'subsample': 0.8}",0.05650237042513964,1634,0.9589963280293757,0.9389236151340405,0.4895345204623555,0.6269371076969968,0.05650237042513964,0.9790523132071245,0.9790366949101843,0.9789798885381276,0.9972356973898475,0.9972996291631587,8927.0,0.9554285714285714,0.9517623966187357,0.6205846054635816,0.7376547928451307,0.2095423444560641,875.0,2.0181198120117188,1.9453341960906982,2026-04-30T04:35:06.764110+00:00
SR-HSE,erg,LogisticRegression,smoten,f1_weighted,"{'C': 0.001, 'l1_ratio': 1.0}",0.0410036719706242,1634,0.9589963280293756,0.9389236151340404,0.4895345204623555,0.5,0.0410036719706242,0.5,0.3333333333333333,0.3333333333333333,0.5,0.5,9338.0,0.9645714285714284,0.9471765976896868,0.4909831297265852,0.5,0.0354285714285714,875.0,0.0300569534301757,0.0202019214630126,2026-04-21T09:00:29.674904+00:00
SR-HSE,erg,LogisticRegression,smoten_enn,f1_weighted,"{'C': 0.001, 'l1_ratio': 1.0}",0.0410036719706242,1634,0.9589963280293756,0.9389236151340404,0.4895345204623555,0.5,0.0410036719706242,0.5777750278430888,0.4231578988234323,0.3661960784313725,0.5,0.4222249721569113,8081.0,0.9645714285714284,0.9471765976896868,0.4909831297265852,0.5,0.0354285714285714,875.0,0.0270740985870361,0.0153150558471679,2026-04-21T09:00:30.044008+00:00
SR-HSE,estate,KNeighbors,none,f1_weighted,"{'n_neighbors': 5, 'weights': 'uniform'}",0.217503347112949,1634,0.96328029375765,0.9519371186907312,0.6247301456065408,0.7059072855251503,0.217503347112949,0.9520145778497672,0.9371573114959476,0.6274079527734249,0.9591410643884408,0.4835774693849082,4939.0,0.9645714285714284,0.954362665193758,0.5935050727569722,0.7282525607705244,0.1793213358284626,875.0,0.0621950626373291,0.0010159015655517,2026-04-24T07:22:39.745303+00:00
SR-HSE,estate,XGBoost,random_over,f1_weighted,"{'colsample_bytree': 0.8, 'learning_rate': 0.05, 'max_depth': 7, 'min_child_weight': 1, 'n_estimators': 200, 'scale_pos_weight': 1, 'subsample': 0.8}",0.1879994829429245,1634,0.9485924112607099,0.9426159476800136,0.5978199718706048,0.7446113402356438,0.1879994829429245,0.9483829513814521,0.9483723201281463,0.9483723201281464,0.9897809410015184,0.9901502298854127,9338.0,0.8868571428571429,0.9131759120879119,0.5735384615384616,0.7563637058553738,0.24243295302720974,875.0,0.28788304328918457,0.2784578800201416,2026-04-30T04:35:43.223317+00:00
SR-HSE,estate,BernoulliNB,random_under,f1_weighted,{'alpha': 1.0},0.2542561152596369,1634,0.9516523867809058,0.9462992447345088,0.6251107219506812,0.7901637314385317,0.2542561152596369,0.6851851851851852,0.5744135619948748,0.4571259609698403,0.7678600823045268,0.6447691441303174,810.0,0.9508571428571428,0.9445259811155504,0.5485848660451835,0.7414959486317076,0.1040920334581172,875.0,0.0048539638519287,0.0005390644073486,2026-04-21T14:33:33.776343+00:00
SR-HSE,estate,XGBoost,smote,f1_weighted,"{'colsample_bytree': 0.8, 'learning_rate': 0.05, 'max_depth': 7, 'min_child_weight': 5, 'n_estimators': 100, 'scale_pos_weight': 1, 'subsample': 0.8}",0.13379572955811664,1634,0.9589963280293757,0.9450764886873033,0.5654445066307838,0.6831429959329072,0.13379572955811664,0.97312058256586,0.9731119828524275,0.9731119828524273,0.9948478320274432,0.9958440572691661,9338.0,0.9485714285714286,0.9489643492251673,0.6295198577356254,0.7758943586607552,0.21623612821670135,875.0,0.27025604248046875,0.2711801528930664,2026-04-30T04:35:47.331772+00:00
SR-HSE,estate,XGBoost,smoteenn,f1_weighted,"{'colsample_bytree': 0.8, 'learning_rate': 0.1, 'max_depth': 7, 'min_child_weight': 1, 'n_estimators': 200, 'scale_pos_weight': 1, 'subsample': 0.8}",0.18870028226781613,1634,0.9608323133414932,0.9453214083031771,0.5575487823452758,0.7194515615921668,0.18870028226781613,0.9928977272727273,0.9928963961232813,0.992892466063013,0.9997443759239528,0.9997566815583002,9152.0,0.9542857142857143,0.9500247220388565,0.6036060523693033,0.7932846659532182,0.25785386523689474,875.0,0.483842134475708,0.48411989212036133,2026-04-30T04:35:49.227497+00:00
SR-HSE,estate,LogisticRegression,smoten,f1_weighted,"{'C': 0.001, 'l1_ratio': 1.0}",0.0410036719706242,1634,0.9589963280293756,0.9389236151340404,0.4895345204623555,0.5,0.0410036719706242,0.5,0.3333333333333333,0.3333333333333333,0.5,0.5,9338.0,0.9645714285714284,0.9471765976896868,0.4909831297265852,0.5,0.0354285714285714,875.0,0.0126597881317138,0.0068297386169433,2026-04-21T09:00:32.790032+00:00
SR-HSE,estate,LogisticRegression,smoten_enn,f1_weighted,"{'C': 0.001, 'l1_ratio': 1.0}",0.0410036719706242,1634,0.9589963280293756,0.9389236151340404,0.4895345204623555,0.5,0.0410036719706242,0.5400185056673606,0.3787227041623592,0.350657153586181,0.5,0.4599814943326393,8646.0,0.9645714285714284,0.9471765976896868,0.4909831297265852,0.5,0.0354285714285714,875.0,0.0097260475158691,0.0074329376220703,2026-04-21T09:00:33.115741+00:00
SR-HSE,fcfp,XGBoost,none,f1_weighted,"{'colsample_bytree': 0.8, 'learning_rate': 0.1, 'max_depth': 5, 'min_child_weight': 1, 'n_estimators': 100, 'scale_pos_weight': 8, 'subsample': 0.8}",0.10158054665373475,1634,0.9528763769889841,0.9412966282522217,0.55530500369348,0.6912867062263666,0.10158054665373475,0.9680097185665114,0.9680653146748438,0.8457816743977209,0.9773462475111651,0.7663550560600231,4939.0,0.944,0.9467239824466113,0.6303528782901827,0.7729513835804922,0.2581801898566749,875.0,1.369858980178833,1.3179819583892822,2026-04-30T04:36:01.001598+00:00
SR-HSE,fcfp,RandomForest,random_over,f1_weighted,"{'max_depth': 5, 'max_features': 'sqrt', 'min_samples_leaf': 20, 'n_estimators': 100}",0.11869805888603,1634,0.9553243574051408,0.9435868451740068,0.5689853909888816,0.7437731571878958,0.11869805888603,0.7153566074105804,0.7096422382667426,0.7096422382667426,0.8252107003439197,0.8265071368984255,9338.0,0.8022857142857143,0.8616110820289159,0.5095561625017415,0.7425852316159608,0.1257581150811704,875.0,0.9362502098083496,1.1533522605895996,2026-04-21T19:33:17.876165+00:00
SR-HSE,fcfp,BernoulliNB,random_under,f1_weighted,{'alpha': 1.0},0.112726342094038,1634,0.9522643818849448,0.9393028564131009,0.5342551854179761,0.7390440903332731,0.112726342094038,0.8345679012345679,0.8243874643874644,0.7938461538461539,0.915068587105624,0.8711790025913186,810.0,0.824,0.8750748761500354,0.523177636234961,0.7016702339091881,0.126948693683119,875.0,0.0398988723754882,0.0137021541595458,2026-04-21T14:33:35.401271+00:00
SR-HSE,fcfp,LogisticRegression,smote,f1_weighted,"{'C': 0.001, 'l1_ratio': 1.0}",0.0410036719706242,1634,0.9589963280293756,0.9389236151340404,0.4895345204623555,0.5,0.0410036719706242,0.5,0.3333333333333333,0.3333333333333333,0.5,0.5,9338.0,0.9645714285714284,0.9471765976896868,0.4909831297265852,0.5,0.0354285714285714,875.0,0.1601631641387939,0.173760175704956,2026-04-21T09:00:34.465111+00:00
SR-HSE,fcfp,LogisticRegression,smoteenn,f1_weighted,"{'C': 0.001, 'l1_ratio': 1.0}",0.0410036719706242,1634,0.9589963280293756,0.9389236151340404,0.4895345204623555,0.5,0.0410036719706242,0.5079416884247171,0.3421946098052095,0.3368443835221124,0.5,0.4920583115752828,9192.0,0.9645714285714284,0.9471765976896868,0.4909831297265852,0.5,0.0354285714285714,875.0,0.1707968711853027,0.1561729907989502,2026-04-21T09:00:35.520185+00:00
SR-HSE,fcfp,XGBoost,smoten,f1_weighted,"{'colsample_bytree': 0.8, 'learning_rate': 0.1, 'max_depth': 7, 'min_child_weight': 1, 'n_estimators': 200, 'scale_pos_weight': 1, 'subsample': 0.8}",0.11175011072014712,1634,0.95593635250918,0.9431681488400211,0.5601220387652548,0.7319100096200555,0.11175011072014712,0.9795459413150568,0.9795439986595704,0.9795439986595704,0.997706215276537,0.9978767007411738,9338.0,0.9497142857142857,0.9461080163721673,0.579620894479385,0.7481463079039903,0.15224693500815414,875.0,4.55269980430603,4.459651708602905,2026-04-30T04:36:21.932559+00:00
SR-HSE,fcfp,XGBoost,smoten_enn,f1_weighted,"{'colsample_bytree': 0.8, 'learning_rate': 0.1, 'max_depth': 7, 'min_child_weight': 1, 'n_estimators': 200, 'scale_pos_weight': 1, 'subsample': 0.8}",0.1347224291134241,1634,0.9553243574051408,0.9427911351449999,0.5591210659570143,0.6765613540466144,0.1347224291134241,0.994750656167979,0.994750703902627,0.9947483887721922,0.999729417015355,0.9996830617769854,9144.0,0.9531428571428572,0.94587201202241,0.5517922064941717,0.7022435407430058,0.12485233975281258,875.0,4.64429497718811,4.610342979431152,2026-04-30T04:38:10.743345+00:00
SR-HSE,klekota_roth,XGBoost,none,f1_weighted,"{'colsample_bytree': 0.8, 'learning_rate': 0.1, 'max_depth': 7, 'min_child_weight': 1, 'n_estimators': 200, 'scale_pos_weight': 8, 'subsample': 0.8}",0.1196583032404275,1634,0.9394124847001224,0.9391943751668032,0.6120300751879699,0.70899332311004,0.1196583032404275,0.9872443814537356,0.9876852812529902,0.9425802064408741,0.9979133449148441,0.9593808701158568,4939.0,0.9394285714285714,0.9437935181522311,0.6211842739399286,0.7336798654639963,0.21737248615016933,875.0,7.539176940917969,7.457604169845581,2026-04-30T04:38:29.172678+00:00
SR-HSE,klekota_roth,LogisticRegression,random_over,f1_weighted,"{'C': 0.001, 'l1_ratio': 1.0}",0.0410036719706242,1634,0.9589963280293756,0.9389236151340404,0.4895345204623555,0.5,0.0410036719706242,0.5,0.3333333333333333,0.3333333333333333,0.5,0.5,9338.0,0.9645714285714284,0.9471765976896868,0.4909831297265852,0.5,0.0354285714285714,875.0,0.4500536918640136,0.2926101684570312,2026-04-21T09:00:38.659000+00:00
SR-HSE,klekota_roth,BernoulliNB,random_under,f1_weighted,{'alpha': 10.0},0.0492478871542186,1634,0.9589963280293756,0.9389236151340404,0.4895345204623555,0.5902761241653888,0.0492478871542186,0.6666666666666666,0.5333333333333333,0.4,0.7595747599451304,0.632371546866705,810.0,0.9645714285714284,0.9471765976896868,0.4909831297265852,0.7336416450084084,0.0881375289234156,875.0,0.1127951145172119,0.0251328945159912,2026-04-21T14:33:45.422195+00:00
SR-HSE,klekota_roth,LogisticRegression,smote,f1_weighted,"{'C': 0.001, 'l1_ratio': 1.0}",0.0410036719706242,1634,0.9589963280293756,0.9389236151340404,0.4895345204623555,0.5,0.0410036719706242,0.5,0.3333333333333333,0.3333333333333333,0.5,0.5,9338.0,0.9645714285714284,0.9471765976896868,0.4909831297265852,0.5,0.0354285714285714,875.0,0.3738620281219482,0.6809501647949219,2026-04-21T09:00:42.063745+00:00
SR-HSE,klekota_roth,LogisticRegression,smoteenn,f1_weighted,"{'C': 0.001, 'l1_ratio': 1.0}",0.0410036719706242,1634,0.9589963280293756,0.9389236151340404,0.4895345204623555,0.5,0.0410036719706242,0.5080522306855277,0.3423184739260739,0.3368929937224908,0.5,0.4919477693144722,9190.0,0.9645714285714284,0.9471765976896868,0.4909831297265852,0.5,0.0354285714285714,875.0,0.411564826965332,0.3638768196105957,2026-04-21T09:00:47.559066+00:00
SR-HSE,klekota_roth,LogisticRegression,smoten,f1_weighted,"{'C': 0.001, 'l1_ratio': 1.0}",0.0410036719706242,1634,0.9589963280293756,0.9389236151340404,0.4895345204623555,0.5,0.0410036719706242,0.5,0.3333333333333333,0.3333333333333333,0.5,0.5,9338.0,0.9645714285714284,0.9471765976896868,0.4909831297265852,0.5,0.0354285714285714,875.0,0.6939661502838135,0.5560829639434814,2026-04-21T09:00:48.292358+00:00
SR-HSE,klekota_roth,LogisticRegression,smoten_enn,f1_weighted,"{'C': 0.001, 'l1_ratio': 1.0}",0.0410036719706242,1634,0.9589963280293756,0.9389236151340404,0.4895345204623555,0.5,0.0410036719706242,0.5126262626262627,0.3474561980405052,0.33889816360601,0.5,0.4873737373737373,9108.0,0.9645714285714284,0.9471765976896868,0.4909831297265852,0.5,0.0354285714285714,875.0,0.6533210277557373,0.3972148895263672,2026-04-21T09:00:50.010487+00:00
SR-HSE,maccs,XGBoost,none,f1_weighted,"{'colsample_bytree': 0.8, 'learning_rate': 0.05, 'max_depth': 7, 'min_child_weight': 1, 'n_estimators': 200, 'scale_pos_weight': 4, 'subsample': 0.8}",0.40039911141119017,1634,0.9638922888616891,0.9577090083414163,0.6927112717582897,0.8149472801912582,0.40039911141119017,0.9888641425389755,0.9889122415284385,0.946594750598891,0.9981037259148204,0.9722491841555767,4939.0,0.9565714285714285,0.9551252256343966,0.6611844786826445,0.8225424247057026,0.3353589672219959,875.0,0.4134399890899658,0.38344693183898926,2026-04-30T04:46:31.470934+00:00
SR-HSE,maccs,XGBoost,random_over,f1_weighted,"{'colsample_bytree': 0.8, 'learning_rate': 0.1, 'max_depth': 7, 'min_child_weight': 1, 'n_estimators': 200, 'scale_pos_weight': 1, 'subsample': 0.8}",0.3983443031017858,1634,0.9522643818849449,0.9532415057449727,0.7089605407380344,0.7903351779710255,0.3983443031017858,0.9898265153137716,0.9898254622512447,0.9898254622512446,0.9993605605177096,0.999299502542929,9338.0,0.9405714285714286,0.9445213311387328,0.6233942524168985,0.8439841002904754,0.3581085743143443,875.0,0.6538810729980469,0.6501309871673584,2026-04-30T04:46:47.835693+00:00
SR-HSE,maccs,LogisticRegression,random_under,f1_weighted,"{'C': 0.001, 'l1_ratio': 1.0}",0.0410036719706242,1634,0.9589963280293756,0.9389236151340404,0.4895345204623555,0.5,0.0410036719706242,0.6666666666666666,0.5333333333333333,0.4,0.5,0.3333333333333333,810.0,0.9645714285714284,0.9471765976896868,0.4909831297265852,0.5,0.0354285714285714,875.0,0.0096020698547363,0.005558967590332,2026-04-21T09:00:54.015914+00:00
SR-HSE,maccs,LogisticRegression,smote,f1_weighted,"{'C': 0.001, 'l1_ratio': 1.0}",0.0410036719706242,1634,0.9589963280293756,0.9389236151340404,0.4895345204623555,0.5,0.0410036719706242,0.5,0.3333333333333333,0.3333333333333333,0.5,0.5,9338.0,0.9645714285714284,0.9471765976896868,0.4909831297265852,0.5,0.0354285714285714,875.0,0.0364389419555664,0.0170040130615234,2026-04-21T09:00:54.657801+00:00
SR-HSE,maccs,LogisticRegression,smoteenn,f1_weighted,"{'C': 0.001, 'l1_ratio': 1.0}",0.0410036719706242,1634,0.9589963280293756,0.9389236151340404,0.4895345204623555,0.5,0.0410036719706242,0.5163680601636806,0.35167711660772,0.3405295018598205,0.5,0.4836319398363194,9042.0,0.9645714285714284,0.9471765976896868,0.4909831297265852,0.5,0.0354285714285714,875.0,0.0227279663085937,0.0168848037719726,2026-04-21T09:00:55.838101+00:00
SR-HSE,maccs,XGBoost,smoten,f1_weighted,"{'colsample_bytree': 0.8, 'learning_rate': 0.1, 'max_depth': 7, 'min_child_weight': 5, 'n_estimators': 200, 'scale_pos_weight': 1, 'subsample': 0.8}",0.14582939494967886,1634,0.9577723378212974,0.9443082392795098,0.5632488465874095,0.6817142748287917,0.14582939494967886,0.9798672092525166,0.9798667622486952,0.9798667622486952,0.998134159674133,0.9982298803495661,9338.0,0.9497142857142857,0.9511783734871622,0.6536025336500396,0.777289405289711,0.2790272775307624,875.0,0.6190991401672363,0.6236329078674316,2026-04-30T04:47:20.509738+00:00
SR-HSE,maccs,LogisticRegression,smoten_enn,f1_weighted,"{'C': 0.001, 'l1_ratio': 1.0}",0.0410036719706242,1634,0.9589963280293756,0.9389236151340404,0.4895345204623555,0.5,0.0410036719706242,0.5097161572052402,0.344184646466305,0.3376238339720876,0.5,0.4902838427947598,9160.0,0.9645714285714284,0.9471765976896868,0.4909831297265852,0.5,0.0354285714285714,875.0,0.0271120071411132,0.0187427997589111,2026-04-21T09:00:59.293751+00:00
SR-HSE,map4,XGBoost,none,f1_weighted,"{'colsample_bytree': 0.8, 'learning_rate': 0.05, 'max_depth': 3, 'min_child_weight': 1, 'n_estimators': 100, 'scale_pos_weight': 1, 'subsample': 0.8}",0.05372513027549561,1634,0.9589963280293757,0.9389236151340405,0.4895345204623555,0.5571440817609463,0.05372513027549561,0.9475602348653573,0.9241007662023426,0.5256521073274307,0.9230146831346231,0.6848642945415366,4939.0,0.9645714285714285,0.9471765976896867,0.4909831297265852,0.6862865005350864,0.08931485033372791,875.0,0.7421720027923584,0.7679240703582764,2026-04-30T04:47:38.593785+00:00
SR-HSE,map4,RandomForest,random_over,f1_weighted,"{'max_depth': 5, 'max_features': 'log2', 'min_samples_leaf': 20, 'n_estimators': 100}",0.0634935556493707,1634,0.9571603427172584,0.9391310188667428,0.502937699902656,0.5667165131585213,0.0634935556493707,0.8671021632041123,0.865569736800054,0.865569736800054,0.9488533736986722,0.9570415788609704,9338.0,0.9337142857142856,0.9381199462701252,0.5799397430803868,0.7096009784436631,0.1723069811494786,875.0,0.3213779926300049,0.4190459251403808,2026-04-21T19:38:13.594703+00:00
SR-HSE,map4,RandomForest,random_under,f1_weighted,"{'max_depth': 15, 'max_features': 'log2', 'min_samples_leaf': 5, 'n_estimators': 100}",0.0672779562095637,1634,0.9504283965728274,0.9390518947385949,0.5421971795909473,0.5117393250721504,0.0672779562095637,0.9629629629629628,0.9624182084837544,0.957165218862816,0.995432098765432,0.99231645066303,810.0,0.8777142857142857,0.9061598241758242,0.539076923076923,0.6399250879070478,0.1190723251534649,875.0,0.215811014175415,0.2588977813720703,2026-04-21T19:38:15.131854+00:00
SR-HSE,map4,LogisticRegression,smote,f1_weighted,"{'C': 0.001, 'l1_ratio': 1.0}",0.0410036719706242,1634,0.9589963280293756,0.9389236151340404,0.4895345204623555,0.5,0.0410036719706242,0.5,0.3333333333333333,0.3333333333333333,0.5,0.5,9338.0,0.9645714285714284,0.9471765976896868,0.4909831297265852,0.5,0.0354285714285714,875.0,0.1662640571594238,0.1132500171661377,2026-04-21T09:01:05.867672+00:00
SR-HSE,map4,LogisticRegression,smoteenn,f1_weighted,"{'C': 0.001, 'l1_ratio': 1.0}",0.0410036719706242,1634,0.9589963280293756,0.9389236151340404,0.4895345204623555,0.5,0.0410036719706242,0.5033962264150943,0.3371137379707509,0.3348393574297189,0.5,0.4966037735849056,9275.0,0.9645714285714284,0.9471765976896868,0.4909831297265852,0.5,0.0354285714285714,875.0,0.1142380237579345,0.1047959327697753,2026-04-21T09:01:07.221219+00:00
SR-HSE,map4,LogisticRegression,smoten,f1_weighted,"{'C': 0.001, 'l1_ratio': 1.0}",0.0410036719706242,1634,0.9589963280293756,0.9389236151340404,0.4895345204623555,0.5,0.0410036719706242,0.5,0.3333333333333333,0.3333333333333333,0.5,0.5,9338.0,0.9645714285714284,0.9471765976896868,0.4909831297265852,0.5,0.0354285714285714,875.0,0.1223177909851074,0.1019918918609619,2026-04-21T09:01:11.932765+00:00
SR-HSE,map4,LogisticRegression,smoten_enn,f1_weighted,"{'C': 0.001, 'l1_ratio': 1.0}",0.0410036719706242,1634,0.9589963280293756,0.9389236151340404,0.4895345204623555,0.5,0.0410036719706242,0.506783892326061,0.3408981405086268,0.3363348220717476,0.5,0.493216107673939,9213.0,0.9645714285714284,0.9471765976896868,0.4909831297265852,0.5,0.0354285714285714,875.0,0.1167120933532714,0.1036481857299804,2026-04-21T09:01:12.242887+00:00
SR-HSE,mhfp,XGBoost,none,f1_weighted,"{'colsample_bytree': 0.8, 'learning_rate': 0.05, 'max_depth': 3, 'min_child_weight': 1, 'n_estimators': 100, 'scale_pos_weight': 1, 'subsample': 0.8}",0.07709047087743412,1634,0.9571603427172583,0.9421580262756982,0.5403102644481955,0.5905809180009335,0.07709047087743412,0.9471552945940473,0.9231560423582283,0.5186628983529871,0.9940549566486598,0.932742966963072,4939.0,0.9645714285714285,0.9471765976896867,0.4909831297265852,0.754280691025837,0.2092735163583323,875.0,1.7691981792449951,1.7986130714416504,2026-04-30T04:50:03.362781+00:00
SR-HSE,mhfp,XGBoost,random_over,f1_weighted,"{'colsample_bytree': 0.8, 'learning_rate': 0.05, 'max_depth': 7, 'min_child_weight': 1, 'n_estimators': 200, 'scale_pos_weight': 1, 'subsample': 0.8}",0.08310801427798936,1634,0.9571603427172583,0.9421580262756982,0.5403102644481955,0.6247845012334625,0.08310801427798936,0.9994645534375669,0.9994645532840526,0.9994645532840527,0.9999903438422453,0.99998811023878,9338.0,0.9668571428571429,0.9525742624682636,0.5521610984627874,0.7279850175814097,0.23118026527580307,875.0,9.980551958084106,9.888133764266968,2026-04-30T04:50:54.699713+00:00
SR-HSE,mhfp,XGBoost,random_under,f1_weighted,"{'colsample_bytree': 0.8, 'learning_rate': 0.05, 'max_depth': 5, 'min_child_weight': 1, 'n_estimators': 100, 'scale_pos_weight': 1, 'subsample': 0.8}",0.08866662509256182,1634,0.9553243574051408,0.9391875822841586,0.5145356054162071,0.5875520292602082,0.08866662509256182,1.0,1.0,1.0,1.0,1.0,810.0,0.9542857142857143,0.9489613445378151,0.5882352941176471,0.6565509860877541,0.18809579055006662,875.0,0.5720491409301758,0.5505890846252441,2026-04-30T04:51:05.028128+00:00
SR-HSE,mhfp,BernoulliNB,smote,f1_weighted,{'alpha': 0.1},0.0873824223375404,1634,0.9571603427172584,0.9421580262756982,0.5403102644481955,0.5982864871557974,0.0873824223375404,0.968622831441422,0.9685919093373566,0.9685919093373566,0.9838026325392516,0.989021229278651,9338.0,0.9645714285714284,0.9471765976896868,0.4909831297265852,0.6476838403913774,0.0977594030766003,875.0,0.4593143463134765,0.3797731399536133,2026-04-21T14:34:25.238739+00:00
SR-HSE,mhfp,BernoulliNB,smoteenn,f1_weighted,{'alpha': 0.1},0.0872999504559429,1634,0.9571603427172584,0.9421580262756982,0.5403102644481955,0.598048366971778,0.0872999504559429,0.969827123375926,0.9697971776823796,0.9697945134747687,0.984959877942166,0.9897234699786376,9313.0,0.9645714285714284,0.9471765976896868,0.4909831297265852,0.647569179024614,0.097657349570081,875.0,0.3720090389251709,0.2795021533966064,2026-04-21T14:34:26.322065+00:00
SR-HSE,mhfp,RandomForest,smoten,f1_weighted,"{'max_depth': 5, 'max_features': 'sqrt', 'min_samples_leaf': 5, 'n_estimators': 100}",0.0751281259688217,1634,0.9571603427172584,0.9421580262756982,0.5403102644481955,0.5970863614283402,0.0751281259688217,0.973656029128293,0.9736462369365688,0.9736462369365688,0.9901105118584724,0.9927749010205658,9338.0,0.9645714285714284,0.9511850062473968,0.5481049562682215,0.6680553432196912,0.1346419175375607,875.0,1.0257248878479004,1.4570527076721191,2026-04-21T19:40:08.040200+00:00
SR-HSE,mhfp,KNeighbors,smoten_enn,f1_weighted,"{'n_neighbors': 5, 'weights': 'uniform'}",0.086344941090751,1634,0.9547123623011016,0.942415530443198,0.5581395348837209,0.5945956243034985,0.086344941090751,0.994409804343152,0.9944097940061548,0.9944098033094524,0.9993003945130516,0.9987361141537008,9302.0,0.9554285714285714,0.9517623966187356,0.6205846054635816,0.6917329154563523,0.1701149825783972,875.0,55.88492679595947,24.193537950515747,2026-04-24T08:06:13.722871+00:00
SR-HSE,morgan_2048,XGBoost,none,f1_weighted,"{'colsample_bytree': 0.8, 'learning_rate': 0.1, 'max_depth': 7, 'min_child_weight': 1, 'n_estimators': 100, 'scale_pos_weight': 8, 'subsample': 0.8}",0.2452795885852736,1634,0.9602203182374541,0.95044520566746,0.6246081200009896,0.7348103134614102,0.2452795885852736,0.9838023891476008,0.9842525135230529,0.9260143627108792,0.996140818479649,0.932613943559831,4939.0,0.9474285714285714,0.9482188188442637,0.6269832443653618,0.779315089435866,0.21713338301105806,875.0,1.411703109741211,1.4598252773284912,2026-04-30T04:55:16.162510+00:00
SR-HSE,morgan_2048,RandomForest,random_over,f1_weighted,"{'max_depth': 10, 'max_features': 'sqrt', 'min_samples_leaf': 20, 'n_estimators': 200}",0.1213630966073095,1634,0.952876376988984,0.944163806831554,0.5909515031519538,0.6343759822457591,0.1213630966073095,0.8440779610194903,0.8432614011846911,0.8432614011846911,0.9253707677874796,0.927632105594868,9338.0,0.8377142857142857,0.8832232131991168,0.5274659243032737,0.6820440299648372,0.1769887288331067,875.0,3.770883083343506,3.711663246154785,2026-04-21T19:41:13.145041+00:00
SR-HSE,morgan_2048,XGBoost,random_under,f1_weighted,"{'colsample_bytree': 0.8, 'learning_rate': 0.05, 'max_depth': 7, 'min_child_weight': 1, 'n_estimators': 100, 'scale_pos_weight': 1, 'subsample': 0.8}",0.09472104610205907,1634,0.9522643818849449,0.9401332847656257,0.5445540308747856,0.7049595671927535,0.09472104610205907,0.8814814814814815,0.8744090192750636,0.8527094193235544,0.9690500685871056,0.9475961180091559,810.0,0.8788571428571429,0.907624603663907,0.5532617909987669,0.7143403149365539,0.20418108751068825,875.0,0.35143399238586426,0.3421471118927002,2026-04-30T04:56:10.489141+00:00
SR-HSE,morgan_2048,LogisticRegression,smote,f1_weighted,"{'C': 0.001, 'l1_ratio': 1.0}",0.0413758979593422,1634,0.9589963280293756,0.9389236151340404,0.4895345204623555,0.5045861947442113,0.0413758979593422,0.5,0.3333333333333333,0.3333333333333333,0.7155707860355537,0.6496476342187771,9338.0,0.9645714285714284,0.9471765976896868,0.4909831297265852,0.5297164042195384,0.0377548921391838,875.0,0.1840879917144775,0.2238762378692627,2026-04-21T09:01:51.033436+00:00
SR-HSE,morgan_2048,LogisticRegression,smoteenn,f1_weighted,"{'C': 0.001, 'l1_ratio': 1.0}",0.0413758979593422,1634,0.9589963280293756,0.9389236151340404,0.4895345204623555,0.5045861947442113,0.0413758979593422,0.5070590790616855,0.3412061454405145,0.3364560063414282,0.7213187382326209,0.6481062367455243,9208.0,0.9645714285714284,0.9471765976896868,0.4909831297265852,0.5297164042195384,0.0377548921391838,875.0,0.2181758880615234,0.1297264099121093,2026-04-21T09:01:53.308491+00:00
SR-HSE,morgan_2048,LogisticRegression,smoten,f1_weighted,"{'C': 1, 'l1_ratio': 1.0}",0.1159868212974192,1634,0.9534883720930232,0.9416683287459944,0.556232132647227,0.6007200754364743,0.1159868212974192,0.9814735489398158,0.9814725951417048,0.9814725951417048,0.9967796828569162,0.9974613984789996,9338.0,0.9382857142857144,0.941665306122449,0.5982142857142857,0.7120470876012842,0.1084962497603972,875.0,0.4230220317840576,0.3863821029663086,2026-04-21T09:01:54.164319+00:00
SR-HSE,morgan_2048,XGBoost,smoten_enn,f1_weighted,"{'colsample_bytree': 0.8, 'learning_rate': 0.05, 'max_depth': 5, 'min_child_weight': 5, 'n_estimators': 100, 'scale_pos_weight': 1, 'subsample': 0.8}",0.13761754807682647,1634,0.9583843329253366,0.9446914991806791,0.5643350062735257,0.6457581270418805,0.13761754807682647,0.9723648279628618,0.9723659028556474,0.9723646960741765,0.9958537625015911,0.9958311643597317,9155.0,0.9462857142857143,0.9440091427623991,0.5738386130713671,0.6654945726953065,0.09206406700088846,875.0,2.6379289627075195,2.610100269317627,2026-04-30T04:58:35.171343+00:00
SR-HSE,morgan_4096,XGBoost,none,f1_weighted,"{'colsample_bytree': 0.8, 'learning_rate': 0.1, 'max_depth': 5, 'min_child_weight': 1, 'n_estimators': 200, 'scale_pos_weight': 8, 'subsample': 0.8}",0.14389234801286516,1634,0.9602203182374541,0.9439797836816997,0.5446223765729843,0.7285906142548267,0.14389234801286516,0.9882567321320105,0.98860098523422,0.9465351686614587,0.9980815147981564,0.961749318741894,4939.0,0.9531428571428572,0.9502577941232808,0.6151783319924913,0.6752407888702033,0.18060995329955845,875.0,5.896773338317871,5.8620617389678955,2026-04-30T04:58:47.945197+00:00
SR-HSE,morgan_4096,XGBoost,random_over,f1_weighted,"{'colsample_bytree': 0.8, 'learning_rate': 0.1, 'max_depth': 7, 'min_child_weight': 1, 'n_estimators': 200, 'scale_pos_weight': 1, 'subsample': 0.8}",0.16389663289933132,1634,0.9553243574051408,0.9427911351449999,0.5591210659570143,0.7247235424663536,0.16389663289933132,0.9943242664382095,0.994324083594514,0.9943240835945139,0.9992041124130895,0.9989562022201458,9338.0,0.9337142857142857,0.9388515033956562,0.5908050054828098,0.668533098914539,0.19388458292347932,875.0,10.645934104919434,10.665827751159668,2026-04-30T04:58:52.628967+00:00
SR-HSE,morgan_4096,XGBoost,random_under,f1_weighted,"{'colsample_bytree': 0.8, 'learning_rate': 0.05, 'max_depth': 3, 'min_child_weight': 1, 'n_estimators': 100, 'scale_pos_weight': 1, 'subsample': 0.8}",0.06245951769479305,1634,0.9583843329253366,0.9397764449082479,0.5036540695077281,0.617255141014773,0.06245951769479305,0.7962962962962963,0.768074031231926,0.7189126662810873,0.9058676268861454,0.8535146678674458,810.0,0.9097142857142857,0.9244953592440315,0.5603434568293847,0.6321854456505122,0.08175489891010795,875.0,0.6596448421478271,0.5539331436157227,2026-04-30T04:59:11.993073+00:00
SR-HSE,morgan_4096,LogisticRegression,smote,f1_weighted,"{'C': 0.001, 'l1_ratio': 1.0}",0.0422100519928394,1634,0.9589963280293756,0.9389236151340404,0.4895345204623555,0.5139633675908905,0.0422100519928394,0.5,0.3333333333333333,0.3333333333333333,0.7487684729064039,0.677082500411033,9338.0,0.9645714285714284,0.9471765976896868,0.4909831297265852,0.5297164042195384,0.0377548921391838,875.0,0.3772130012512207,0.344559907913208,2026-04-21T09:02:08.972178+00:00
SR-HSE,morgan_4096,LogisticRegression,smoteenn,f1_weighted,"{'C': 0.001, 'l1_ratio': 1.0}",0.0422100519928394,1634,0.9589963280293756,0.9389236151340404,0.4895345204623555,0.5139633675908905,0.0422100519928394,0.5038851715950787,0.3376591124761282,0.3350556153570147,0.752269410526099,0.6767087455243124,9266.0,0.9645714285714284,0.9471765976896868,0.4909831297265852,0.5297164042195384,0.0377548921391838,875.0,0.3358361721038818,0.256052017211914,2026-04-21T09:02:11.279197+00:00
SR-HSE,morgan_4096,XGBoost,smoten,f1_weighted,"{'colsample_bytree': 0.8, 'learning_rate': 0.05, 'max_depth': 7, 'min_child_weight': 1, 'n_estimators': 100, 'scale_pos_weight': 1, 'subsample': 0.8}",0.06281513826418927,1634,0.9577723378212974,0.9394535985671787,0.5032931401357787,0.6106306374953566,0.06281513826418927,0.9653030627543371,0.9653023608292446,0.9653023608292445,0.9954616976002407,0.9957812254681123,9338.0,0.9485714285714286,0.9454048959889668,0.5776347546259051,0.723360342455282,0.12756701418329747,875.0,7.914514064788818,7.7928948402404785,2026-04-30T05:01:10.897845+00:00
SR-HSE,morgan_4096,XGBoost,smoten_enn,f1_weighted,"{'colsample_bytree': 0.8, 'learning_rate': 0.05, 'max_depth': 3, 'min_child_weight': 1, 'n_estimators': 200, 'scale_pos_weight': 1, 'subsample': 0.8}",0.06442305529153115,1634,0.9589963280293757,0.9389236151340405,0.4895345204623555,0.5631970968387165,0.06442305529153115,0.9658658549842374,0.9658670046083364,0.9658656028736894,0.9929594568846136,0.9937001697930937,9199.0,0.944,0.941626553092714,0.5557040859680211,0.6370967741935485,0.08931878470239693,875.0,10.201719999313354,10.321224927902222,2026-04-30T05:04:29.949152+00:00
SR-HSE,pubchem,XGBoost,none,f1_weighted,"{'colsample_bytree': 0.8, 'learning_rate': 0.05, 'max_depth': 5, 'min_child_weight': 1, 'n_estimators': 200, 'scale_pos_weight': 4, 'subsample': 0.8}",0.30220215241555615,1634,0.9596083231334149,0.9544524106375621,0.6782428126454477,0.8236196172932402,0.30220215241555615,0.977728285077951,0.9765549940199834,0.8809752280199943,0.9833523714333309,0.8557226326191202,4939.0,0.9565714285714285,0.9551252256343966,0.6611844786826445,0.8216633542271824,0.32518577084712375,875.0,1.0423669815063477,1.1561658382415771,2026-04-30T05:06:12.033817+00:00
SR-HSE,pubchem,XGBoost,random_over,f1_weighted,"{'colsample_bytree': 0.8, 'learning_rate': 0.1, 'max_depth': 7, 'min_child_weight': 1, 'n_estimators': 200, 'scale_pos_weight': 1, 'subsample': 0.8}",0.3822904867157577,1634,0.9541003671970624,0.9532473953652143,0.6973558458107678,0.7889683681147549,0.3822904867157577,0.9927179267509103,0.9927175405723491,0.9927175405723492,0.9990777795938184,0.9989373092614734,9338.0,0.9417142857142857,0.947689047175355,0.6619548667136332,0.8437547775569485,0.3399009669574432,875.0,2.31730580329895,2.2891199588775635,2026-04-30T05:06:41.559239+00:00
SR-HSE,pubchem,XGBoost,random_under,f1_weighted,"{'colsample_bytree': 0.8, 'learning_rate': 0.1, 'max_depth': 3, 'min_child_weight': 1, 'n_estimators': 100, 'scale_pos_weight': 1, 'subsample': 0.8}",0.32659091860835643,1634,0.9620563035495716,0.9567635398039639,0.6921253525235826,0.8196382478164379,0.32659091860835643,0.8716049382716049,0.8648675662168915,0.8421289355322339,0.9348216735253773,0.905988801224403,810.0,0.8662857142857143,0.9016900199599605,0.5708428876247648,0.7873796055648983,0.2163650485817053,875.0,0.12930703163146973,0.10225725173950195,2026-04-30T05:07:41.926071+00:00
SR-HSE,pubchem,LogisticRegression,smote,f1_weighted,"{'C': 0.001, 'l1_ratio': 1.0}",0.0410036719706242,1634,0.9589963280293756,0.9389236151340404,0.4895345204623555,0.5,0.0410036719706242,0.5,0.3333333333333333,0.3333333333333333,0.5,0.5,9338.0,0.9645714285714284,0.9471765976896868,0.4909831297265852,0.5,0.0354285714285714,875.0,0.0822241306304931,0.0687649250030517,2026-04-21T09:02:30.033243+00:00
SR-HSE,pubchem,LogisticRegression,smoteenn,f1_weighted,"{'C': 0.001, 'l1_ratio': 1.0}",0.0410036719706242,1634,0.9589963280293756,0.9389236151340404,0.4895345204623555,0.5,0.0410036719706242,0.5098831495031124,0.3443721141371375,0.3376970924345436,0.5,0.4901168504968876,9157.0,0.9645714285714284,0.9471765976896868,0.4909831297265852,0.5,0.0354285714285714,875.0,0.0862040519714355,0.0708241462707519,2026-04-21T09:02:36.028269+00:00
SR-HSE,pubchem,LogisticRegression,smoten,f1_weighted,"{'C': 0.001, 'l1_ratio': 1.0}",0.0410036719706242,1634,0.9589963280293756,0.9389236151340404,0.4895345204623555,0.5,0.0410036719706242,0.5,0.3333333333333333,0.3333333333333333,0.5,0.5,9338.0,0.9645714285714284,0.9471765976896868,0.4909831297265852,0.5,0.0354285714285714,875.0,0.0869209766387939,0.0646898746490478,2026-04-21T09:02:37.483328+00:00
SR-HSE,pubchem,XGBoost,smoten_enn,f1_weighted,"{'colsample_bytree': 0.8, 'learning_rate': 0.1, 'max_depth': 7, 'min_child_weight': 1, 'n_estimators': 200, 'scale_pos_weight': 1, 'subsample': 0.8}",0.11348563759654323,1634,0.9553243574051408,0.941956393852736,0.5487809952525959,0.6036918153330348,0.11348563759654323,0.9985784581738655,0.9985784803141349,0.998577869875279,0.9999833719677885,0.9999810047923485,9145.0,0.9611428571428572,0.9521186572989851,0.5852849336455894,0.7087601284207308,0.2699870396539059,875.0,2.298398017883301,2.223165988922119,2026-04-30T05:08:27.698456+00:00
SR-HSE,rdkit,XGBoost,none,f1_weighted,"{'colsample_bytree': 0.8, 'learning_rate': 0.1, 'max_depth': 5, 'min_child_weight': 5, 'n_estimators': 200, 'scale_pos_weight': 8, 'subsample': 0.8}",0.26975920103638673,1634,0.9614443084455324,0.9447185030395979,0.5464850409935371,0.733633999752355,0.26975920103638673,0.9949382466086252,0.9950353903616268,0.9764555916897153,0.9997731293083617,0.9957687003227087,4939.0,0.9565714285714285,0.9525234859369135,0.6234257497508381,0.7394511542577586,0.2733360682696868,875.0,3.4681661128997803,3.468198776245117,2026-04-30T05:08:59.547900+00:00
SR-HSE,rdkit,XGBoost,random_over,f1_weighted,"{'colsample_bytree': 0.8, 'learning_rate': 0.1, 'max_depth': 5, 'min_child_weight': 10, 'n_estimators': 100, 'scale_pos_weight': 1, 'subsample': 0.8}",0.24908469764392857,1634,0.9620563035495716,0.9495716610176781,0.602776035131744,0.7142653039842269,0.24908469764392857,0.9852216748768473,0.985221104725415,0.985221104725415,0.9983766186851194,0.9982479858752018,9338.0,0.9337142857142857,0.9408142001710864,0.6201347305389222,0.7937242011924782,0.2961843887058738,875.0,3.580414056777954,3.476778984069824,2026-04-30T05:09:04.625244+00:00
SR-HSE,rdkit,XGBoost,random_under,f1_weighted,"{'colsample_bytree': 0.8, 'learning_rate': 0.1, 'max_depth': 3, 'min_child_weight': 10, 'n_estimators': 200, 'scale_pos_weight': 1, 'subsample': 0.8}",0.21937109479823805,1634,0.9614443084455324,0.9475180504644108,0.5810375772770007,0.7405918715293983,0.21937109479823805,0.9320987654320988,0.9307259991231365,0.920708515246925,0.9861899862825789,0.9790436470700764,810.0,0.8582857142857143,0.8970653629812718,0.5686502130907704,0.7695306528053815,0.2511220545280718,875.0,0.5083341598510742,0.4832131862640381,2026-04-30T05:09:10.420674+00:00
SR-HSE,rdkit,LogisticRegression,smote,f1_weighted,"{'C': 0.001, 'l1_ratio': 1.0}",0.0410036719706242,1634,0.9589963280293756,0.9389236151340404,0.4895345204623555,0.5,0.0410036719706242,0.5,0.3333333333333333,0.3333333333333333,0.5,0.5,9338.0,0.9645714285714284,0.9471765976896868,0.4909831297265852,0.5,0.0354285714285714,875.0,0.3155579566955566,0.182399034500122,2026-04-21T09:02:50.486542+00:00
SR-HSE,rdkit,LogisticRegression,smoteenn,f1_weighted,"{'C': 0.001, 'l1_ratio': 1.0}",0.0410036719706242,1634,0.9589963280293756,0.9389236151340404,0.4895345204623555,0.5,0.0410036719706242,0.5212100915382898,0.3571629731257467,0.3426286049754165,0.5,0.4787899084617102,8958.0,0.9645714285714284,0.9471765976896868,0.4909831297265852,0.5,0.0354285714285714,875.0,0.2158000469207763,0.1965761184692382,2026-04-21T09:02:50.897710+00:00
SR-HSE,rdkit,LogisticRegression,smoten,f1_weighted,"{'C': 0.001, 'l1_ratio': 1.0}",0.0410036719706242,1634,0.9589963280293756,0.9389236151340404,0.4895345204623555,0.5,0.0410036719706242,0.5,0.3333333333333333,0.3333333333333333,0.5,0.5,9338.0,0.9645714285714284,0.9471765976896868,0.4909831297265852,0.5,0.0354285714285714,875.0,0.2750389575958252,0.2094416618347168,2026-04-21T09:02:55.742271+00:00
SR-HSE,rdkit,LogisticRegression,smoten_enn,f1_weighted,"{'C': 0.001, 'l1_ratio': 1.0}",0.0410036719706242,1634,0.9589963280293756,0.9389236151340404,0.4895345204623555,0.5,0.0410036719706242,0.5099945385035499,0.3444971788589517,0.337745949074074,0.5,0.49000546149645,9155.0,0.9645714285714284,0.9471765976896868,0.4909831297265852,0.5,0.0354285714285714,875.0,0.2425129413604736,0.2650609016418457,2026-04-21T09:02:56.983332+00:00
SR-HSE,topological_torsion,XGBoost,none,f1_weighted,"{'colsample_bytree': 0.8, 'learning_rate': 0.1, 'max_depth': 5, 'min_child_weight': 5, 'n_estimators': 200, 'scale_pos_weight': 8, 'subsample': 0.8}",0.14382022711202863,1634,0.9608323133414932,0.947944940405345,0.5899623588456713,0.6136928630618446,0.14382022711202863,0.9728690018222312,0.9743232399866555,0.8829347587680508,0.9896623117012922,0.8696996311603992,4939.0,0.928,0.937243879173291,0.6104928457869635,0.6943892371197065,0.23658381697830408,875.0,2.300339937210083,2.266247272491455,2026-04-30T05:12:41.454659+00:00
SR-HSE,topological_torsion,RandomForest,random_over,f1_weighted,"{'max_depth': 5, 'max_features': 'log2', 'min_samples_leaf': 10, 'n_estimators': 200}",0.1329770624133334,1634,0.9596083231334148,0.946318219793012,0.5771486825595985,0.5433331110878282,0.1329770624133334,0.7814307132148212,0.7809332181106348,0.7809332181106349,0.8700313965038103,0.8742263749328745,9338.0,0.7817142857142857,0.848765940512726,0.5015494096137958,0.6701956887326097,0.1003613070782827,875.0,0.7199418544769287,0.6665618419647217,2026-04-21T19:49:20.979845+00:00
SR-HSE,topological_torsion,XGBoost,random_under,f1_weighted,"{'colsample_bytree': 0.8, 'learning_rate': 0.1, 'max_depth': 3, 'min_child_weight': 1, 'n_estimators': 100, 'scale_pos_weight': 1, 'subsample': 0.8}",0.13589031164169726,1634,0.9608323133414932,0.9453214083031771,0.5575487823452758,0.6313375686976731,0.13589031164169726,0.8345679012345679,0.8224431927929599,0.7903483763298798,0.9210390946502058,0.8638796061903193,810.0,0.8697142857142857,0.9018140133842809,0.539354588443919,0.7012115884421342,0.12509196527997757,875.0,0.25017809867858887,0.23118114471435547,2026-04-30T05:14:05.382982+00:00
SR-HSE,topological_torsion,LogisticRegression,smote,f1_weighted,"{'C': 0.001, 'l1_ratio': 1.0}",0.0410036719706242,1634,0.9589963280293756,0.9389236151340404,0.4895345204623555,0.5,0.0410036719706242,0.5,0.3333333333333333,0.3333333333333333,0.5,0.5,9338.0,0.9645714285714284,0.9471765976896868,0.4909831297265852,0.5,0.0354285714285714,875.0,0.1873369216918945,0.1557621955871582,2026-04-21T09:03:06.280717+00:00
SR-HSE,topological_torsion,LogisticRegression,smoteenn,f1_weighted,"{'C': 0.001, 'l1_ratio': 1.0}",0.0410036719706242,1634,0.9589963280293756,0.9389236151340404,0.4895345204623555,0.5,0.0410036719706242,0.506014956107077,0.340037972087499,0.3359959700633276,0.5,0.4939850438929229,9227.0,0.9645714285714284,0.9471765976896868,0.4909831297265852,0.5,0.0354285714285714,875.0,0.1897499561309814,0.1547000408172607,2026-04-21T09:03:06.667990+00:00
SR-HSE,topological_torsion,LogisticRegression,smoten,f1_weighted,"{'C': 0.001, 'l1_ratio': 1.0}",0.0410036719706242,1634,0.9589963280293756,0.9389236151340404,0.4895345204623555,0.5,0.0410036719706242,0.5,0.3333333333333333,0.3333333333333333,0.5,0.5,9338.0,0.9645714285714284,0.9471765976896868,0.4909831297265852,0.5,0.0354285714285714,875.0,0.1683740615844726,0.164086103439331,2026-04-21T09:03:07.912554+00:00
SR-HSE,topological_torsion,LogisticRegression,smoten_enn,f1_weighted,"{'C': 0.001, 'l1_ratio': 1.0}",0.0410036719706242,1634,0.9589963280293756,0.9389236151340404,0.4895345204623555,0.5,0.0410036719706242,0.5105522143247676,0.3451235396962994,0.3379904444766179,0.5,0.4894477856752324,9145.0,0.9645714285714284,0.9471765976896868,0.4909831297265852,0.5,0.0354285714285714,875.0,0.1448657512664795,0.1188080310821533,2026-04-21T09:03:10.492911+00:00
SR-MMP,atom_pair,BalancedRandomForest,none,f1_weighted,"{'max_depth': 5, 'max_features': 'log2', 'min_samples_leaf': 5, 'n_estimators': 200}",0.5799284059541856,1553,0.951706374758532,0.9417929340833844,0.7514261385099013,0.8439949770186412,0.5799284059541856,0.7883731617647058,0.8052199484159016,0.7070475158885123,0.845395670184996,0.6103604354722458,4352.0,0.7817715019255456,0.8139180340293009,0.6641560154189491,0.8606027330405076,0.4999946074960343,779.0,3.683943748474121,2.561772108078003,2026-04-22T00:31:48.252872+00:00
SR-MMP,atom_pair,RandomForest,random_over,f1_weighted,"{'max_depth': 10, 'max_features': 'log2', 'min_samples_leaf': 20, 'n_estimators': 100}",0.6113454817985173,1553,0.9510624597553125,0.9408028741858344,0.7466035759064287,0.8394992867854139,0.6113454817985173,0.8153089887640449,0.8150208674471834,0.8150208674471835,0.9064538883979296,0.9089712007602512,7120.0,0.8215661103979461,0.8411058567991727,0.6839848823125976,0.8744662030258662,0.5214677563603209,779.0,0.3950347900390625,0.4783072471618652,2026-04-21T19:51:32.314750+00:00
SR-MMP,atom_pair,RandomForest,random_under,f1_weighted,"{'max_depth': 5, 'max_features': 'log2', 'min_samples_leaf': 20, 'n_estimators': 100}",0.5906310060478305,1553,0.9504185447520928,0.9402407456589414,0.7447975022034987,0.8235251088109432,0.5906310060478305,0.7769360269360269,0.7785005027652087,0.7526866515837105,0.8398816128456279,0.7270935606129867,2376.0,0.7843388960205392,0.8151885569397683,0.6617245657568238,0.8560425817471937,0.503025444602079,779.0,0.2480649948120117,0.2009990215301513,2026-04-21T19:51:34.161200+00:00
SR-MMP,atom_pair,DecisionTree,smote,f1_weighted,"{'ccp_alpha': 0.01, 'criterion': 'gini', 'max_depth': 5, 'min_samples_leaf': 10}",0.2833830417188746,1553,0.9426915647134578,0.9270927037011566,0.6780747417577939,0.6458737183472928,0.2833830417188746,0.7029494382022472,0.6980275113244195,0.6980275113244195,0.7531197134200227,0.7067901223407618,7120.0,0.803594351732991,0.8258381873550994,0.6562650508592869,0.7140830893118595,0.2484003302278963,779.0,0.5449709892272949,0.5585379600524902,2026-04-22T11:12:13.104959+00:00
SR-MMP,atom_pair,DecisionTree,smoteenn,f1_weighted,"{'ccp_alpha': 0.01, 'criterion': 'gini', 'max_depth': 5, 'min_samples_leaf': 10}",0.2833830417188746,1553,0.9426915647134578,0.9270927037011566,0.6780747417577939,0.6458737183472928,0.2833830417188746,0.7163941542468528,0.7119972557388229,0.7107784867889844,0.7657951760165504,0.7049967603262539,6911.0,0.803594351732991,0.8258381873550994,0.6562650508592869,0.7140830893118595,0.2484003302278963,779.0,0.5065767765045166,0.5341970920562744,2026-04-22T11:12:18.487068+00:00
SR-MMP,atom_pair,DecisionTree,smoten,f1_weighted,"{'ccp_alpha': 0.0, 'criterion': 'gini', 'max_depth': 5, 'min_samples_leaf': 50}",0.2532001205024168,1553,0.936252414681262,0.9231666729900676,0.6718825028330697,0.7300665666947075,0.2532001205024168,0.7990168539325843,0.7989779893493881,0.798977989349388,0.86822852228254,0.8350233843238976,7120.0,0.785622593068036,0.8130914301931835,0.6433629313251659,0.7742801366520254,0.2880024461046988,779.0,0.5558950901031494,0.6523399353027344,2026-04-22T11:12:28.314881+00:00
SR-MMP,atom_pair,DecisionTree,smoten_enn,f1_weighted,"{'ccp_alpha': 0.0, 'criterion': 'entropy', 'max_depth': 5, 'min_samples_leaf': 50}",0.2350605141314427,1553,0.9356084996780424,0.9221090449813608,0.6665836525084589,0.6702693147044121,0.2350605141314427,0.8070660075603373,0.8069057835646576,0.8065564663848871,0.879074472912476,0.8324653837346508,6878.0,0.7997432605905006,0.8206851263225144,0.6399075500770416,0.7356332357247437,0.2794098198376689,779.0,0.526947021484375,0.4971070289611816,2026-04-22T11:12:30.971332+00:00
SR-MMP,avalon,XGBoost,none,f1_weighted,"{'colsample_bytree': 0.8, 'learning_rate': 0.05, 'max_depth': 3, 'min_child_weight': 1, 'n_estimators': 100, 'scale_pos_weight': 8, 'subsample': 0.8}",0.5567471036323972,1553,0.9504185447520928,0.9406659061241608,0.7477965601240126,0.8249393462809212,0.5567471036323972,0.7431066176470589,0.7718628247787459,0.6927403781181996,0.9214687251730791,0.7447942769486279,4352.0,0.7676508344030809,0.8045182234229183,0.663072750516745,0.8940336749633967,0.5594540018535997,779.0,0.37548017501831055,0.35553407669067383,2026-04-30T05:19:40.931895+00:00
SR-MMP,avalon,DecisionTree,random_over,f1_weighted,"{'ccp_alpha': 0.01, 'criterion': 'gini', 'max_depth': 5, 'min_samples_leaf': 10}",0.3557177522265342,1553,0.9471989697359948,0.9402339231676996,0.7556601891078775,0.7195786547675652,0.3557177522265342,0.652247191011236,0.6377998532060812,0.6377998532060812,0.7182332959853555,0.673820665313551,7120.0,0.5532734274711169,0.6252129953379335,0.4907272426697124,0.7346190214738897,0.2599465458016799,779.0,0.1207506656646728,0.1206030845642089,2026-04-22T11:13:01.088064+00:00
SR-MMP,avalon,BernoulliNB,random_under,f1_weighted,{'alpha': 50.0},0.5383117015223143,1553,0.9471989697359948,0.9331026487769072,0.7053267308404294,0.8026894895334236,0.5383117015223143,0.7424242424242424,0.7454021218822607,0.7173249727066595,0.8000833779716356,0.6562066116968358,2376.0,0.7676508344030809,0.8030771850799849,0.6512869088220091,0.8321284773060028,0.3720393236836358,779.0,0.0241830348968505,0.0134510993957519,2026-04-21T14:36:01.183475+00:00
SR-MMP,avalon,LogisticRegression,smote,f1_weighted,"{'C': 0.01, 'l1_ratio': 1.0}",0.3039666614897359,1553,0.9220862846104314,0.912074281544547,0.6413415455793012,0.7038787900954611,0.3039666614897359,0.7528089887640449,0.7527877466431081,0.7527877466431081,0.849328919959601,0.8445823778370641,7120.0,0.7971758664955071,0.821048991562079,0.6501523523660095,0.7980417276720351,0.4225871241402504,779.0,0.1027958393096923,0.0821180343627929,2026-04-21T09:03:33.473788+00:00
SR-MMP,avalon,LogisticRegression,smoteenn,f1_weighted,"{'C': 0.01, 'l1_ratio': 1.0}",0.300417582618398,1553,0.922730199613651,0.9114516149992302,0.6347085665898292,0.6983711885690599,0.300417582618398,0.7660931474339958,0.7661283477561036,0.765428046611013,0.8597270725781962,0.8421809727315819,6742.0,0.8048780487804879,0.8267968156946406,0.6575031817655906,0.7951058443142998,0.4237065538285656,779.0,0.0874147415161132,0.0675110816955566,2026-04-21T09:03:33.800403+00:00
SR-MMP,avalon,LogisticRegression,smoten,f1_weighted,"{'C': 0.1, 'l1_ratio': 1.0}",0.3682541347188522,1553,0.9291693496458469,0.9166887928337922,0.6499672158019834,0.7137662606829792,0.3682541347188522,0.9009831460674156,0.9009564013417256,0.9009564013417256,0.9579409165509404,0.95144384207989,7120.0,0.8575096277278562,0.8682303777582191,0.7218796738553577,0.8557375549048316,0.5513139167085983,779.0,0.2936060428619385,0.3108420372009277,2026-04-21T09:03:36.426857+00:00
SR-MMP,avalon,LogisticRegression,smoten_enn,f1_weighted,"{'C': 0.001, 'l1_ratio': 0.0}",0.2872058933209208,1553,0.9343206696716032,0.9174576579377076,0.6381640260950606,0.6181619789571218,0.2872058933209208,0.8362598770851625,0.8363181014899876,0.8362368713447192,0.9145440240780268,0.90627797394986,6834.0,0.8292682926829268,0.8454808232685918,0.6841798833739259,0.8286664226451927,0.5002154803370477,779.0,0.0974500179290771,0.1021921634674072,2026-04-21T09:03:36.585899+00:00
SR-MMP,erg,DecisionTree,none,f1_weighted,"{'ccp_alpha': 0.0, 'criterion': 'entropy', 'max_depth': 5, 'min_samples_leaf': 20}",0.4098325980913109,1553,0.951706374758532,0.9413678362505342,0.7484303218407189,0.6944180290894018,0.4098325980913109,0.7467830882352942,0.7731398422200738,0.6810243181924598,0.831856663545568,0.5022886322126994,4352.0,0.7740693196405648,0.8066380403862916,0.647322714738445,0.7348172889214252,0.3542082964329616,779.0,0.0499160289764404,0.0443208217620849,2026-04-22T11:13:38.964149+00:00
SR-MMP,erg,LogisticRegression,random_over,f1_weighted,"{'C': 0.001, 'l1_ratio': 0.0}",0.5018124966966462,1553,0.9459111397295557,0.939501193881974,0.75486688414185,0.8081879472830791,0.5018124966966462,0.6728932584269663,0.6728325353752159,0.6728325353752159,0.7470160806716324,0.7234487967095026,7120.0,0.7150192554557124,0.7631287460251371,0.619045730901401,0.8411496461688629,0.3721096272279399,779.0,0.0357351303100585,0.0245418548583984,2026-04-21T09:03:37.761823+00:00
SR-MMP,erg,LogisticRegression,random_under,f1_weighted,"{'C': 0.01, 'l1_ratio': 0.0}",0.4675818818359406,1553,0.9426915647134578,0.9345315719996744,0.7305317541550909,0.7846762493446959,0.4675818818359406,0.7028619528619529,0.7064365459102302,0.6742652084757348,0.761230120013264,0.5922583290664533,2376.0,0.7650834403080873,0.8014884688236263,0.6520496454766234,0.8384959126403124,0.3928844860059854,779.0,0.0138728618621826,0.0086472034454345,2026-04-21T09:03:38.701488+00:00
SR-MMP,erg,DecisionTree,smote,f1_weighted,"{'ccp_alpha': 0.01, 'criterion': 'gini', 'max_depth': 5, 'min_samples_leaf': 10}",0.4294595140042566,1553,0.948486799742434,0.9398140167077252,0.7482900580245713,0.7116510003291759,0.4294595140042566,0.748314606741573,0.7466216122289769,0.7466216122289769,0.79362473961621,0.749121585827054,7120.0,0.7509627727856226,0.7908876576840259,0.6425591296121098,0.802472242557345,0.2893179916362393,779.0,0.0962870121002197,0.0985169410705566,2026-04-22T11:13:48.792530+00:00
SR-MMP,erg,DecisionTree,smoteenn,f1_weighted,"{'ccp_alpha': 0.01, 'criterion': 'gini', 'max_depth': 5, 'min_samples_leaf': 10}",0.4294595140042566,1553,0.948486799742434,0.9398140167077252,0.7482900580245713,0.7116510003291759,0.4294595140042566,0.7588289962825279,0.7581053013706671,0.7586934695732075,0.821882274660128,0.7358524889882629,6456.0,0.7509627727856226,0.7908876576840259,0.6425591296121098,0.802472242557345,0.2893179916362393,779.0,0.0959360599517822,0.0863571166992187,2026-04-22T11:13:43.132214+00:00
SR-MMP,erg,DecisionTree,smoten,f1_weighted,"{'ccp_alpha': 0.01, 'criterion': 'gini', 'max_depth': 5, 'min_samples_leaf': 10}",0.2689797943323604,1553,0.9420476497102382,0.9240288017830705,0.6587513184108754,0.5897918876412713,0.2689797943323604,0.7164325842696629,0.7158550336629621,0.7158550336629621,0.7874593248958466,0.726276742817227,7120.0,0.7817715019255456,0.809570752755048,0.6359733034261336,0.7009288067349927,0.2464756644578819,779.0,0.0654778480529785,0.0678789615631103,2026-04-22T11:13:45.450495+00:00
SR-MMP,erg,DecisionTree,smoten_enn,f1_weighted,"{'ccp_alpha': 0.0, 'criterion': 'gini', 'max_depth': 5, 'min_samples_leaf': 10}",0.3037801402310892,1553,0.9446233097231166,0.9292569948401294,0.6868716707930078,0.5907001694646624,0.3037801402310892,0.8177755710029792,0.8173403628138908,0.8109135898298179,0.8839781256507528,0.8028875659558049,6042.0,0.8498074454428755,0.8555104049730249,0.6793189710678812,0.676183504148365,0.2941592737671659,779.0,0.0603420734405517,0.0519900321960449,2026-04-22T11:13:45.841082+00:00
SR-MMP,estate,XGBoost,none,f1_weighted,"{'colsample_bytree': 0.8, 'learning_rate': 0.05, 'max_depth': 3, 'min_child_weight': 10, 'n_estimators': 100, 'scale_pos_weight': 4, 'subsample': 0.8}",0.541234635095078,1553,0.9471989697359948,0.9434712491320326,0.7788302557903659,0.8570340026577912,0.541234635095078,0.8189338235294118,0.8317975879868076,0.7427803379416282,0.8777871765406878,0.6578876072641583,4352.0,0.8164313222079589,0.8396766253187813,0.6929562712752029,0.8851802708638361,0.5429258891948932,779.0,0.06530404090881348,0.05612802505493164,2026-04-30T05:22:12.465249+00:00
SR-MMP,estate,XGBoost,random_over,f1_weighted,"{'colsample_bytree': 0.8, 'learning_rate': 0.1, 'max_depth': 3, 'min_child_weight': 5, 'n_estimators': 100, 'scale_pos_weight': 1, 'subsample': 0.8}",0.5197555387964518,1553,0.9381841596909208,0.9348035471893215,0.7481655653301982,0.842848956999866,0.5197555387964518,0.8321629213483146,0.8321562167880279,0.8321562167880278,0.90768341276354,0.9026973752135705,7120.0,0.8241335044929397,0.8461328397419016,0.7042250398392573,0.8941023060029284,0.5603646378709213,779.0,0.09716916084289551,0.09912109375,2026-04-30T05:22:18.705024+00:00
SR-MMP,estate,DecisionTree,random_under,f1_weighted,"{'ccp_alpha': 0.01, 'criterion': 'gini', 'max_depth': 5, 'min_samples_leaf': 10}",0.431038962506072,1553,0.9549259497746296,0.9454763314869528,0.7666085567559212,0.6929824561403508,0.431038962506072,0.6755050505050505,0.6821085797520625,0.6518773938351056,0.6722986653147637,0.4619834948521396,2376.0,0.7329910141206675,0.7750771344278541,0.6103801169590644,0.7209461932650072,0.2320353609386022,779.0,0.0079281330108642,0.0049970149993896,2026-04-22T11:13:54.474848+00:00
SR-MMP,estate,XGBoost,smote,f1_weighted,"{'colsample_bytree': 0.8, 'learning_rate': 0.05, 'max_depth': 5, 'min_child_weight': 5, 'n_estimators': 200, 'scale_pos_weight': 1, 'subsample': 0.8}",0.5019438045146964,1553,0.9446233097231166,0.9344204316020984,0.7231889705028933,0.8403496580227496,0.5019438045146964,0.934129213483146,0.9341154255805373,0.9341154255805372,0.9820137135462694,0.9843925322915171,7120.0,0.8960205391527599,0.8967059503513015,0.7625938258366725,0.9018423621278673,0.5350072499782474,779.0,0.2882399559020996,0.2796599864959717,2026-04-30T05:22:23.377393+00:00
SR-MMP,estate,DecisionTree,smoteenn,f1_weighted,"{'ccp_alpha': 0.0, 'criterion': 'entropy', 'max_depth': 5, 'min_samples_leaf': 10}",0.3403167407779851,1553,0.9388280746941404,0.9365434095107832,0.758473917278524,0.7756269582921864,0.3403167407779851,0.7864427114577085,0.7864721643043789,0.7864417700425181,0.8621570557314939,0.8197177992550918,6668.0,0.748395378690629,0.7868662244747847,0.6232257427697168,0.7914607735480722,0.277029464178919,779.0,0.0198290348052978,0.0168299674987792,2026-04-22T11:13:54.937121+00:00
SR-MMP,estate,XGBoost,smoten,f1_weighted,"{'colsample_bytree': 0.8, 'learning_rate': 0.05, 'max_depth': 5, 'min_child_weight': 1, 'n_estimators': 100, 'scale_pos_weight': 1, 'subsample': 0.8}",0.3647986749315995,1553,0.922730199613651,0.9168473119427469,0.6732589943193772,0.7587262109408337,0.3647986749315995,0.8925561797752809,0.8925532781813736,0.8925532781813736,0.9564427234566343,0.9536783575426624,7120.0,0.8536585365853658,0.8594742035339836,0.6887843785920547,0.838152757442655,0.43686119693031816,779.0,0.12055563926696777,0.10965871810913086,2026-04-30T05:22:25.876490+00:00
SR-MMP,estate,DecisionTree,smoten_enn,f1_weighted,"{'ccp_alpha': 0.0, 'criterion': 'gini', 'max_depth': 5, 'min_samples_leaf': 10}",0.2287448887906647,1553,0.9368963296844816,0.9213219339756218,0.6567568786648624,0.5581727076551699,0.2287448887906647,0.7816934352097302,0.7785430427808575,0.7739220314795856,0.8664531126312928,0.805459714229302,6413.0,0.8408215661103979,0.8447979150323948,0.6502881802647204,0.644071803318692,0.2545364551832181,779.0,0.0182220935821533,0.0108397006988525,2026-04-22T11:13:56.850894+00:00
SR-MMP,fcfp,BalancedRandomForest,none,f1_weighted,"{'max_depth': 10, 'max_features': 'log2', 'min_samples_leaf': 20, 'n_estimators': 100}",0.4914803279393496,1553,0.9414037347070188,0.932206683186871,0.7184155732887016,0.7873889031125415,0.4914803279393496,0.7472426470588235,0.7713542035776745,0.668991031117277,0.8165680683236862,0.55756118147681,4352.0,0.7894736842105263,0.81934982911825,0.6681662337662337,0.8303364446071253,0.4869440802120525,779.0,1.7091031074523926,1.757800817489624,2026-04-22T00:36:49.275847+00:00
SR-MMP,fcfp,RandomForest,random_over,f1_weighted,"{'max_depth': 10, 'max_features': 'log2', 'min_samples_leaf': 10, 'n_estimators': 100}",0.4324483830175898,1553,0.9407598197037992,0.926138958426094,0.6777717636445647,0.7553186301403265,0.4324483830175898,0.8,0.7996102601709818,0.7996102601709818,0.8801641601439212,0.8751672026243831,7120.0,0.8241335044929397,0.8419801480283062,0.6808112287166113,0.8340730234260616,0.4925091703805795,779.0,0.4236180782318115,0.3577339649200439,2026-04-21T19:55:22.612241+00:00
SR-MMP,fcfp,RandomForest,random_under,f1_weighted,"{'max_depth': 5, 'max_features': 'log2', 'min_samples_leaf': 5, 'n_estimators': 200}",0.402071297002838,1553,0.9401159047005796,0.9293248836515392,0.7023708695248988,0.7437791838874461,0.402071297002838,0.7815656565656566,0.7849794086197953,0.7626348497199784,0.8561478898836853,0.7433839475880344,2376.0,0.8125802310654685,0.8352734869229135,0.680378821942446,0.8243655441678868,0.4762557864789984,779.0,0.5096218585968018,0.3875997066497803,2026-04-21T19:55:28.962341+00:00
SR-MMP,fcfp,DecisionTree,smote,f1_weighted,"{'ccp_alpha': 0.01, 'criterion': 'entropy', 'max_depth': 10, 'min_samples_leaf': 50}",0.2620769900069162,1553,0.9407598197037992,0.9216402245757196,0.6462764903941375,0.6148245004449971,0.2620769900069162,0.7563202247191011,0.7561828592239439,0.7561828592239438,0.8123674015275849,0.7699079115033512,7120.0,0.7625160462130937,0.7939669961937601,0.6111778116526595,0.6945461200585652,0.256348025685308,779.0,1.0696420669555664,0.9707190990447998,2026-04-22T11:14:03.792365+00:00
SR-MMP,fcfp,LogisticRegression,smoteenn,f1_weighted,"{'C': 0.01, 'l1_ratio': 1.0}",0.1945138710965519,1553,0.9343206696716032,0.9097674235442827,0.5844369123572868,0.5906056837716249,0.1945138710965519,0.7368421052631579,0.7359323139070376,0.734860781865385,0.8169931690106675,0.7985767625875143,6802.0,0.7676508344030809,0.795974902274951,0.6048688351394599,0.6998307101024891,0.2938786843232542,779.0,0.1259000301361084,0.1035988330841064,2026-04-21T09:03:56.367327+00:00
SR-MMP,fcfp,LogisticRegression,smoten,f1_weighted,"{'C': 0.01, 'l1_ratio': 1.0}",0.1864582684879047,1553,0.9336767546683836,0.9084284370959508,0.5772005085467036,0.5642959901491046,0.1864582684879047,0.7615168539325843,0.7606920519442761,0.7606920519442761,0.8313965250599672,0.8301600684697596,7120.0,0.785622593068036,0.8086827122170279,0.6180307412246575,0.689658064909712,0.3199183889094352,779.0,0.1545987129211425,0.1029601097106933,2026-04-21T09:03:56.743306+00:00
SR-MMP,fcfp,LogisticRegression,smoten_enn,f1_weighted,"{'C': 0.01, 'l1_ratio': 1.0}",0.1778823562402796,1553,0.9336767546683836,0.9084284370959508,0.5772005085467036,0.5513727856820647,0.1778823562402796,0.7825766509433962,0.7823465100930315,0.7816370850864025,0.8564129283185101,0.8385560793287629,6784.0,0.7843388960205392,0.8081608158431266,0.6191950464396285,0.6904282576866764,0.3214666604388212,779.0,0.1281430721282959,0.0940790176391601,2026-04-21T09:03:57.998432+00:00
SR-MMP,klekota_roth,RUSBoost,none,f1_weighted,"{'learning_rate': 0.25, 'n_estimators': 50, 'sampling_strategy': 'auto'}",0.1856161100874444,1553,0.933032839665164,0.906117607680996,0.5632072001903896,0.6313747363544371,0.1856161100874444,0.8391544117647058,0.816423538241547,0.6583354530352561,0.7881465639541481,0.4661843000295995,4352.0,0.8639281129653402,0.8358653465139105,0.5613179480640911,0.6809876769155685,0.2585503337988527,779.0,0.9614629745483398,0.8761639595031738,2026-04-29T19:19:09.647990+00:00
SR-MMP,klekota_roth,LogisticRegression,random_over,f1_weighted,"{'C': 0.001, 'l1_ratio': 1.0}",0.0734063103670315,1553,0.9265936896329684,0.8912889835440118,0.4809491978609626,0.5,0.0734063103670315,0.5,0.3333333333333333,0.3333333333333333,0.5,0.5,7120.0,0.8767650834403081,0.8191936415728187,0.4671682626538987,0.5,0.1232349165596919,779.0,0.3279862403869629,0.2434217929840088,2026-04-21T09:04:05.048119+00:00
SR-MMP,klekota_roth,BernoulliNB,random_under,f1_weighted,{'alpha': 10.0},0.1700231225496521,1553,0.927237604636188,0.8928636053273998,0.4898056488305496,0.5921052631578947,0.1700231225496521,0.6742424242424242,0.5513015428471406,0.425175664524518,0.7927531310580553,0.68149351614428,2376.0,0.8793324775353016,0.8253458212377395,0.4882163824433883,0.757015617374329,0.3943657339788227,779.0,0.1367287635803222,0.0550217628479003,2026-04-21T14:36:49.692386+00:00
SR-MMP,klekota_roth,LogisticRegression,smote,f1_weighted,"{'C': 0.001, 'l1_ratio': 1.0}",0.0734063103670315,1553,0.9265936896329684,0.8912889835440118,0.4809491978609626,0.5,0.0734063103670315,0.5,0.3333333333333333,0.3333333333333333,0.5,0.5,7120.0,0.8767650834403081,0.8191936415728187,0.4671682626538987,0.5,0.1232349165596919,779.0,0.4393420219421386,0.2529168128967285,2026-04-21T09:04:10.544030+00:00
SR-MMP,klekota_roth,LogisticRegression,smoteenn,f1_weighted,"{'C': 0.001, 'l1_ratio': 1.0}",0.0734063103670315,1553,0.9265936896329684,0.8912889835440118,0.4809491978609626,0.5,0.0734063103670315,0.5262379896526238,0.3628876015812767,0.3447941888619855,0.5,0.4737620103473762,6765.0,0.8767650834403081,0.8191936415728187,0.4671682626538987,0.5,0.1232349165596919,779.0,0.2962551116943359,0.2043170928955078,2026-04-21T09:04:13.267553+00:00
SR-MMP,klekota_roth,LogisticRegression,smoten,f1_weighted,"{'C': 0.001, 'l1_ratio': 1.0}",0.0734063103670315,1553,0.9265936896329684,0.8912889835440118,0.4809491978609626,0.5,0.0734063103670315,0.5,0.3333333333333333,0.3333333333333333,0.5,0.5,7120.0,0.8767650834403081,0.8191936415728187,0.4671682626538987,0.5,0.1232349165596919,779.0,0.2910208702087402,0.2612490653991699,2026-04-21T09:04:18.221782+00:00
SR-MMP,klekota_roth,LogisticRegression,smoten_enn,f1_weighted,"{'C': 0.001, 'l1_ratio': 1.0}",0.0734063103670315,1553,0.9265936896329684,0.8912889835440118,0.4809491978609626,0.5,0.0734063103670315,0.5307887281944237,0.3680934785959187,0.3467419888964644,0.5,0.4692112718055762,6707.0,0.8767650834403081,0.8191936415728187,0.4671682626538987,0.5,0.1232349165596919,779.0,0.3450250625610351,0.2210869789123535,2026-04-21T09:04:19.259365+00:00
SR-MMP,maccs,BalancedRandomForest,none,f1_weighted,"{'max_depth': 10, 'max_features': 'sqrt', 'min_samples_leaf': 10, 'n_estimators': 200}",0.5782989678118342,1553,0.948486799742434,0.9357730073270382,0.7198015336039694,0.8389872352876633,0.5782989678118342,0.8515625,0.8616624452272011,0.7873096569588689,0.922466590057882,0.7315604110485611,4352.0,0.8536585365853658,0.8644706189102329,0.7133588968936401,0.8651476329917033,0.5130848312025763,779.0,1.08634614944458,1.205955982208252,2026-04-22T00:38:49.014375+00:00
SR-MMP,maccs,RandomForest,random_over,f1_weighted,"{'max_depth': 10, 'max_features': 'log2', 'min_samples_leaf': 20, 'n_estimators': 200}",0.5346889246201854,1553,0.9465550547327752,0.932561930937268,0.7036620663811317,0.8312637918632579,0.5346889246201854,0.8537921348314607,0.8537799484811406,0.8537799484811406,0.9302828714808736,0.9220928109777242,7120.0,0.8523748395378691,0.8626673814802663,0.7077514296805931,0.8646900927281601,0.5091132411685346,779.0,0.5774948596954346,0.4285051822662353,2026-04-21T19:58:23.484978+00:00
SR-MMP,maccs,LogisticRegression,random_under,f1_weighted,"{'C': 0.01, 'l1_ratio': 1.0}",0.4714071606394345,1553,0.957501609787508,0.9493209049183288,0.7850870571658615,0.7036075247186764,0.4714071606394345,0.6502525252525253,0.658755068560993,0.6296034915033893,0.6968533185389246,0.516615339979798,2376.0,0.7034659820282413,0.7523798448453364,0.5883087735674233,0.7649844436310396,0.3003715958738432,779.0,0.017003059387207,0.0098879337310791,2026-04-21T09:04:28.787244+00:00
SR-MMP,maccs,RandomForest,smote,f1_weighted,"{'max_depth': 15, 'max_features': 'log2', 'min_samples_leaf': 20, 'n_estimators': 100}",0.3933615190017608,1553,0.943979394719897,0.930425874650852,0.6971997176185833,0.7408867025102714,0.3933615190017608,0.8495786516853933,0.8495292579926432,0.8495292579926432,0.9254943346799648,0.9199149719188596,7120.0,0.8562259306803595,0.8634047906526184,0.7013282212789265,0.7966843582235237,0.4305907724101702,779.0,0.1921861171722412,0.1471538543701172,2026-04-21T19:58:42.160958+00:00
SR-MMP,maccs,RandomForest,smoteenn,f1_weighted,"{'max_depth': 15, 'max_features': 'log2', 'min_samples_leaf': 20, 'n_estimators': 200}",0.363172670541256,1553,0.9388280746941404,0.9240282539290912,0.6693560134915566,0.7360161174304769,0.363172670541256,0.8658280922431866,0.8658144306489072,0.8652105881817596,0.9420403726819988,0.9283908870702674,6678.0,0.8600770218228498,0.8648860196576329,0.6988341532448278,0.7972791605661298,0.4456964458982264,779.0,0.3407859802246094,0.2911911010742187,2026-04-21T19:58:49.573735+00:00
SR-MMP,maccs,LogisticRegression,smoten,f1_weighted,"{'C': 0.01, 'l1_ratio': 1.0}",0.3899657630814718,1553,0.9433354797166774,0.9314559595835976,0.7065936142074438,0.7199962205722785,0.3899657630814718,0.7484550561797753,0.7483749988234604,0.7483749988234603,0.8194470000631233,0.8208065454203204,7120.0,0.754813863928113,0.7905524461035838,0.6199951474287757,0.7799917642752562,0.405575599730807,779.0,0.0380671024322509,0.0327022075653076,2026-04-21T09:04:33.470913+00:00
SR-MMP,maccs,DecisionTree,smoten_enn,f1_weighted,"{'ccp_alpha': 0.0, 'criterion': 'gini', 'max_depth': 5, 'min_samples_leaf': 10}",0.4187631069622499,1553,0.951706374758532,0.9404829802481212,0.7422030105641986,0.7014495934067274,0.4187631069622499,0.8006487761722206,0.7996471519298443,0.800146486729141,0.8721316842075897,0.8112849966935891,6782.0,0.7753530166880617,0.8065666387944075,0.6415000065743626,0.7492831869204489,0.3107167549986292,779.0,0.0290150642395019,0.0260920524597167,2026-04-22T11:16:32.082857+00:00
SR-MMP,map4,BalancedRandomForest,none,f1_weighted,"{'max_depth': 15, 'max_features': 'log2', 'min_samples_leaf': 20, 'n_estimators': 200}",0.555613605756397,1553,0.9452672247263362,0.9358391182615782,0.7310482811172483,0.8413402338368506,0.555613605756397,0.8028492647058824,0.8214804381984608,0.7409006128430589,0.9011102953694248,0.7577438051473188,4352.0,0.7419768934531451,0.7823623695589782,0.6210951962656174,0.8280411176183505,0.4137958166460493,779.0,2.285392045974731,2.3563740253448486,2026-04-22T00:39:27.902400+00:00
SR-MMP,map4,RandomForest,random_over,f1_weighted,"{'max_depth': 5, 'max_features': 'sqrt', 'min_samples_leaf': 10, 'n_estimators': 200}",0.5543650071310691,1553,0.9452672247263362,0.930936917224913,0.6965213932818819,0.8321629299099034,0.5543650071310691,0.8522471910112359,0.8521916649189402,0.85219166491894,0.9126448286201236,0.9202967636815088,7120.0,0.8010269576379975,0.8224300622373611,0.64547763407079,0.828681673987311,0.4300514023664157,779.0,0.650209903717041,1.0086948871612549,2026-04-21T19:59:19.518719+00:00
SR-MMP,map4,RandomForest,random_under,f1_weighted,"{'max_depth': 5, 'max_features': 'sqrt', 'min_samples_leaf': 20, 'n_estimators': 100}",0.5425703370045092,1553,0.9471989697359948,0.9346779400474589,0.7163836724512703,0.827990319788352,0.5425703370045092,0.8501683501683501,0.8504011109848548,0.8319664543176875,0.900115421895725,0.8485179199948507,2376.0,0.7753530166880617,0.8044674901633929,0.6282799032559763,0.8098920204978038,0.4032199586643152,779.0,0.3235688209533691,0.2254300117492675,2026-04-21T19:59:27.456788+00:00
SR-MMP,map4,LogisticRegression,smote,f1_weighted,"{'C': 0.001, 'l1_ratio': 1.0}",0.0734063103670315,1553,0.9265936896329684,0.8912889835440118,0.4809491978609626,0.5,0.0734063103670315,0.5,0.3333333333333333,0.3333333333333333,0.5,0.5,7120.0,0.8767650834403081,0.8191936415728187,0.4671682626538987,0.5,0.1232349165596919,779.0,0.0911641120910644,0.0766708850860595,2026-04-21T09:04:45.403278+00:00
SR-MMP,map4,LogisticRegression,smoteenn,f1_weighted,"{'C': 0.001, 'l1_ratio': 1.0}",0.0734063103670315,1553,0.9265936896329684,0.8912889835440118,0.4809491978609626,0.5,0.0734063103670315,0.5175170809710714,0.3529764935831045,0.3410288341795191,0.5,0.4824829190289286,6879.0,0.8767650834403081,0.8191936415728187,0.4671682626538987,0.5,0.1232349165596919,779.0,0.0959482192993164,0.0708930492401123,2026-04-21T09:04:46.453751+00:00
SR-MMP,map4,LogisticRegression,smoten,f1_weighted,"{'C': 0.001, 'l1_ratio': 1.0}",0.0734063103670315,1553,0.9265936896329684,0.8912889835440118,0.4809491978609626,0.5,0.0734063103670315,0.5,0.3333333333333333,0.3333333333333333,0.5,0.5,7120.0,0.8767650834403081,0.8191936415728187,0.4671682626538987,0.5,0.1232349165596919,779.0,0.0951027870178222,0.0778539180755615,2026-04-21T09:04:47.635130+00:00
SR-MMP,map4,DecisionTree,smoten_enn,f1_weighted,"{'ccp_alpha': 0.0, 'criterion': 'entropy', 'max_depth': 5, 'min_samples_leaf': 20}",0.1356632113973664,1553,0.8995492594977463,0.8945664050550886,0.594462671576833,0.5141576143276886,0.1356632113973664,0.7746335800319257,0.7734245005940731,0.7727340287953991,0.8585400510694565,0.7976184093548844,6891.0,0.7560975609756098,0.7811030149657489,0.5587060226595111,0.5305026842362127,0.1573768204657967,779.0,0.3294038772583008,0.2802648544311523,2026-04-22T11:17:28.448749+00:00
SR-MMP,mhfp,BernoulliNB,none,f1_weighted,{'alpha': 0.1},0.4206566058364388,1553,0.9407598197037992,0.9216402245757196,0.6462764903941375,0.7802262779951965,0.4206566058364388,0.7879136029411765,0.8015366334486493,0.692866465020163,0.8173054278742481,0.5275811856948125,4352.0,0.7817715019255456,0.808551207401304,0.6299183992845965,0.8091675817471937,0.4082909663664097,779.0,0.0345780849456787,0.0089490413665771,2026-04-21T14:38:10.873227+00:00
SR-MMP,mhfp,BernoulliNB,random_over,f1_weighted,{'alpha': 50.0},0.3911904755281856,1553,0.9401159047005796,0.9218425383007548,0.649795229539321,0.7709240091193933,0.3911904755281856,0.7460674157303371,0.7451891813399596,0.7451891813399595,0.8329658108193408,0.8204949081158535,7120.0,0.772785622593068,0.8028765314934894,0.6279917441217338,0.8118518179599804,0.4188790017771105,779.0,0.2317991256713867,0.1792390346527099,2026-04-21T14:38:11.935385+00:00
SR-MMP,mhfp,BernoulliNB,random_under,f1_weighted,{'alpha': 10.0},0.3899597716880726,1553,0.9407598197037992,0.9230202932161032,0.6559194682593199,0.7722163295660973,0.3899597716880726,0.7723063973063973,0.7737487236222086,0.7471830854333128,0.8318443271094785,0.7160026811251482,2376.0,0.7702182284980744,0.8006491476685572,0.6237882610044652,0.8065062225475841,0.4119330867897547,779.0,0.0791907310485839,0.0489721298217773,2026-04-21T14:38:14.906234+00:00
SR-MMP,mhfp,KNeighbors,smote,f1_weighted,"{'n_neighbors': 15, 'weights': 'uniform'}",0.2391840838467655,1553,0.922730199613651,0.9108888026742424,0.6307128929471632,0.7220749058190996,0.2391840838467655,0.958005617977528,0.9580040862413888,0.9580040862413888,0.993205916235324,0.9919594499740402,7120.0,0.8677792041078306,0.8537414797128318,0.6310348791759594,0.7982781234748657,0.3776748441393092,779.0,68.87921404838562,48.05269193649292,2026-04-24T10:11:20.867130+00:00
SR-MMP,mhfp,KNeighbors,smoteenn,f1_weighted,"{'n_neighbors': 15, 'weights': 'uniform'}",0.2291442729848407,1553,0.9233741146168706,0.9113472010905236,0.6317742112236867,0.7047748802165246,0.2291442729848407,0.9641281138790035,0.9641291634985872,0.9641278514741076,0.9952514308413184,0.9939089994600072,7025.0,0.8664955070603337,0.8518308582493435,0.6253006253006252,0.7990635675939483,0.3783907790448357,779.0,69.16980290412903,49.0984320640564,2026-04-24T10:12:26.554806+00:00
SR-MMP,mhfp,KNeighbors,smoten,f1_weighted,"{'n_neighbors': 15, 'weights': 'uniform'}",0.2852016532371773,1553,0.927237604636188,0.919317001464596,0.6752519037352999,0.7350773563512671,0.2852016532371773,0.9376404494382022,0.9375158074365456,0.9375158074365456,0.9938398718596138,0.9931532559937368,7120.0,0.858793324775353,0.8612015328741769,0.684499263622975,0.8075738164958517,0.3858913651283995,779.0,67.55751991271973,49.62472605705261,2026-04-24T10:13:25.739841+00:00
SR-MMP,mhfp,KNeighbors,smoten_enn,f1_weighted,"{'n_neighbors': 15, 'weights': 'uniform'}",0.2765441321522696,1553,0.9259497746297488,0.9178889837914028,0.6695041498191104,0.7245528693171428,0.2765441321522696,0.9417710706150342,0.9416764652824224,0.9417035760643052,0.9955581648805044,0.9946666334202408,7024.0,0.858793324775353,0.8612015328741769,0.684499263622975,0.810067410932162,0.3893359437235452,779.0,68.46723198890686,47.501566886901855,2026-04-24T10:15:11.976465+00:00
SR-MMP,morgan_2048,DecisionTree,none,f1_weighted,"{'ccp_alpha': 0.01, 'criterion': 'entropy', 'max_depth': 10, 'min_samples_leaf': 50}",0.3674083761836832,1553,0.93947198969736,0.9288067866034224,0.700881075321695,0.7291857162015531,0.3674083761836832,0.5905330882352942,0.635218652538335,0.5538438880706922,0.7417092271024855,0.3588861379148256,4352.0,0.6367137355584083,0.6989010354233846,0.5474323838850398,0.7610495973645681,0.2491042053181838,779.0,0.2115137577056884,0.1926259994506836,2026-04-22T11:19:13.849612+00:00
SR-MMP,morgan_2048,BernoulliNB,random_over,f1_weighted,{'alpha': 50.0},0.3971207530908064,1553,0.9368963296844816,0.9231040229156504,0.6692872664059104,0.7501066773953646,0.3971207530908064,0.8150280898876404,0.8149534461996066,0.8149534461996066,0.8870782966165888,0.880352825121211,7120.0,0.8010269576379975,0.8239217762070887,0.653804580003842,0.8290172035139092,0.4715491923384216,779.0,0.2491271495819091,0.2580940723419189,2026-04-21T14:38:49.423054+00:00
SR-MMP,morgan_2048,BernoulliNB,random_under,f1_weighted,{'alpha': 1.0},0.4230000692280986,1553,0.9414037347070188,0.926061876087848,0.6750993739841323,0.7534593955353986,0.4230000692280986,0.8446969696969697,0.8470923246785186,0.8311501301794703,0.9204657050300992,0.8562211683367396,2376.0,0.8164313222079589,0.8358132489107335,0.6709264231929268,0.8144369204489996,0.4635657676025859,779.0,0.1035079956054687,0.0888640880584716,2026-04-21T14:38:52.818978+00:00
SR-MMP,morgan_2048,LogisticRegression,smote,f1_weighted,"{'C': 0.01, 'l1_ratio': 1.0}",0.2244050211417586,1553,0.9336767546683836,0.9134385101610512,0.6121388026080652,0.6346604001316704,0.2244050211417586,0.7290730337078651,0.7288696634925023,0.7288696634925022,0.8077712331145058,0.8039124589273695,7120.0,0.7535301668806161,0.7863405481462665,0.5975200206664945,0.7192075402635433,0.3189621052583292,779.0,0.1288809776306152,0.1105279922485351,2026-04-21T09:05:51.259665+00:00
SR-MMP,morgan_2048,LogisticRegression,smoteenn,f1_weighted,"{'C': 0.01, 'l1_ratio': 1.0}",0.2222004697969304,1553,0.9336767546683836,0.9134385101610512,0.6121388026080652,0.6294667349401997,0.2222004697969304,0.733391736019857,0.7333003143094332,0.7328048086389367,0.817144823910823,0.7975052077423448,6849.0,0.7535301668806161,0.785999709807627,0.5954034928260729,0.7176519033674963,0.325725097946983,779.0,0.1211259365081787,0.1045980453491211,2026-04-21T09:05:54.056017+00:00
SR-MMP,morgan_2048,LogisticRegression,smoten,f1_weighted,"{'C': 0.01, 'l1_ratio': 1.0}",0.2183828394460001,1553,0.9343206696716032,0.9138993086874796,0.6132514941989922,0.6327463028662692,0.2183828394460001,0.7530898876404495,0.7530504298005576,0.7530504298005576,0.8299534859866179,0.8327418816352836,7120.0,0.7650834403080873,0.7951840223075007,0.6091941103742835,0.7246522693997072,0.3166627356327059,779.0,0.13826584815979,0.1103529930114746,2026-04-21T09:06:01.646507+00:00
SR-MMP,morgan_2048,LogisticRegression,smoten_enn,f1_weighted,"{'C': 0.01, 'l1_ratio': 1.0}",0.2046332927962719,1553,0.933032839665164,0.9114193843029872,0.6001386413151119,0.6137760140448412,0.2046332927962719,0.7799561082662765,0.779921106454652,0.77950545994161,0.8500818680847414,0.8391588809116344,6835.0,0.7792041078305519,0.805192573092896,0.6191531937148964,0.7195735724743777,0.3180475245318685,779.0,0.1392359733581543,0.1076788902282714,2026-04-21T09:06:03.493116+00:00
SR-MMP,morgan_4096,XGBoost,none,f1_weighted,"{'colsample_bytree': 0.8, 'learning_rate': 0.1, 'max_depth': 3, 'min_child_weight': 10, 'n_estimators': 200, 'scale_pos_weight': 8, 'subsample': 0.8}",0.5153707483090418,1553,0.9497746297488732,0.9392450550854615,0.7399352489565979,0.8155029686795168,0.5153707483090418,0.7892922794117647,0.811737136912246,0.7380391943721131,0.9442101847122915,0.8008166903912548,4352.0,0.7715019255455713,0.8058267008215306,0.6531854653140445,0.8445964494875549,0.44903593101271316,779.0,5.488281011581421,5.3398988246917725,2026-04-30T05:43:32.321255+00:00
SR-MMP,morgan_4096,DecisionTree,random_over,f1_weighted,"{'ccp_alpha': 0.001, 'criterion': 'entropy', 'max_depth': 15, 'min_samples_leaf': 50}",0.3632008066753185,1553,0.9459111397295557,0.9314710060641488,0.6981395779340984,0.5595778013484022,0.3632008066753185,0.7893258426966292,0.7890313862036482,0.7890313862036482,0.8702657098219921,0.8672721381964883,7120.0,0.7715019255455713,0.8044407453906811,0.6433150183150182,0.7613012445095169,0.3657378244149339,779.0,2.7203001976013184,2.92668080329895,2026-04-22T11:20:51.250966+00:00
SR-MMP,morgan_4096,RandomForest,random_under,f1_weighted,"{'max_depth': 15, 'max_features': 'log2', 'min_samples_leaf': 20, 'n_estimators': 100}",0.4469587788334516,1553,0.9407598197037992,0.926138958426094,0.6777717636445647,0.7322824085927118,0.4469587788334516,0.7735690235690236,0.7756888029228455,0.7502514506769826,0.8286447173757778,0.7194903363897482,2376.0,0.8087291399229781,0.8317299194343777,0.672889242102712,0.8362158369936555,0.4337694425206512,779.0,0.2692213058471679,0.138901948928833,2026-04-21T20:04:16.595314+00:00
SR-MMP,morgan_4096,LogisticRegression,smote,f1_weighted,"{'C': 0.001, 'l1_ratio': 1.0}",0.0734063103670315,1553,0.9265936896329684,0.8912889835440118,0.4809491978609626,0.5,0.0734063103670315,0.5,0.3333333333333333,0.3333333333333333,0.5,0.5,7120.0,0.8767650834403081,0.8191936415728187,0.4671682626538987,0.5,0.1232349165596919,779.0,0.2976891994476318,0.2508261203765869,2026-04-21T09:06:28.899936+00:00
SR-MMP,morgan_4096,LogisticRegression,smoteenn,f1_weighted,"{'C': 0.001, 'l1_ratio': 1.0}",0.0734063103670315,1553,0.9265936896329684,0.8912889835440118,0.4809491978609626,0.5,0.0734063103670315,0.5117148196061521,0.3464304949696494,0.3384995721213273,0.5,0.4882851803938479,6957.0,0.8767650834403081,0.8191936415728187,0.4671682626538987,0.5,0.1232349165596919,779.0,0.2440178394317627,0.1763279438018798,2026-04-21T09:06:31.476466+00:00
SR-MMP,morgan_4096,LogisticRegression,smoten,f1_weighted,"{'C': 0.01, 'l1_ratio': 1.0}",0.2569718144473633,1553,0.9375402446877013,0.9154340829345504,0.6134684713580089,0.6574131646001731,0.2569718144473633,0.7797752808988764,0.7797040831274847,0.7797040831274846,0.852352251925262,0.8590070637192433,7120.0,0.7843388960205392,0.8089598333054269,0.623671497584541,0.7338259516837482,0.3086525659122176,779.0,0.2879128456115722,0.2191359996795654,2026-04-21T09:06:33.583364+00:00
SR-MMP,morgan_4096,LogisticRegression,smoten_enn,f1_weighted,"{'C': 0.01, 'l1_ratio': 1.0}",0.2302668552308408,1553,0.9356084996780424,0.9115366897492968,0.5925852081934184,0.6452610853053412,0.2302668552308408,0.7908192911098199,0.7906857888434234,0.7903433265078844,0.872767808853554,0.8663079273591446,6884.0,0.7971758664955071,0.8162066006367452,0.6236024464831804,0.7317365178135676,0.3158881415655655,779.0,0.2907400131225586,0.2404358386993408,2026-04-21T09:06:35.703556+00:00
SR-MMP,pubchem,XGBoost,none,f1_weighted,"{'colsample_bytree': 0.8, 'learning_rate': 0.05, 'max_depth': 5, 'min_child_weight': 10, 'n_estimators': 100, 'scale_pos_weight': 8, 'subsample': 0.8}",0.5949456679641406,1553,0.9491307147456536,0.9456778927498868,0.7879196463915725,0.8591218316813578,0.5949456679641406,0.8223805147058824,0.8397620741841066,0.769729822894842,0.9519703708432641,0.8168941144394752,4352.0,0.8087291399229781,0.8343212461982166,0.6884710871344794,0.8819851146900928,0.5326760549997077,779.0,0.7247710227966309,0.6971621513366699,2026-04-30T05:50:10.352605+00:00
SR-MMP,pubchem,XGBoost,random_over,f1_weighted,"{'colsample_bytree': 0.8, 'learning_rate': 0.1, 'max_depth': 5, 'min_child_weight': 1, 'n_estimators': 100, 'scale_pos_weight': 1, 'subsample': 0.8}",0.6292163624453699,1553,0.9517063747585319,0.9437614962895443,0.7653383781300808,0.8739652292649622,0.6292163624453699,0.9279494382022472,0.9279426708878318,0.9279426708878318,0.9795635020830703,0.9766598948167161,7120.0,0.8754813863928113,0.8823007334329922,0.7442677433438136,0.8818631039531478,0.5371179842813063,779.0,1.0542981624603271,1.0047297477722168,2026-04-30T05:51:10.534282+00:00
SR-MMP,pubchem,DecisionTree,random_under,f1_weighted,"{'ccp_alpha': 0.01, 'criterion': 'gini', 'max_depth': 5, 'min_samples_leaf': 50}",0.4798070514341229,1553,0.9549259497746296,0.9454763314869528,0.7666085567559212,0.7192982456140351,0.4798070514341229,0.7015993265993266,0.7090486014623946,0.684769483390173,0.75311471724824,0.5470844841068951,2376.0,0.7381258023106547,0.77958762836909,0.6194686027355274,0.7701546486090776,0.25696612220962,779.0,0.0414919853210449,0.0345640182495117,2026-04-22T11:24:17.214654+00:00
SR-MMP,pubchem,DecisionTree,smote,f1_weighted,"{'ccp_alpha': 0.01, 'criterion': 'entropy', 'max_depth': 10, 'min_samples_leaf': 10}",0.4776811127231292,1553,0.9407598197037992,0.9298451128766634,0.7038765730961185,0.8006991941284761,0.4776811127231292,0.7509831460674158,0.7509310225038218,0.7509310225038217,0.8066883916172201,0.7672957642167227,7120.0,0.8074454428754814,0.8279682182451932,0.6558700876448968,0.8124466203025865,0.3618035168957054,779.0,0.1990628242492675,0.200660228729248,2026-04-22T11:24:18.768814+00:00
SR-MMP,pubchem,XGBoost,smoteenn,f1_weighted,"{'colsample_bytree': 0.8, 'learning_rate': 0.1, 'max_depth': 5, 'min_child_weight': 5, 'n_estimators': 100, 'scale_pos_weight': 1, 'subsample': 0.8}",0.4273672271753426,1553,0.9381841596909208,0.9272920373822189,0.694516842881731,0.8096875266693487,0.4273672271753426,0.9288942452545947,0.9289569989920263,0.9286604568210257,0.9780631940337735,0.9701941325259542,6638.0,0.8677792041078306,0.8708248513649254,0.7082980386454111,0.8244799292337726,0.47361085679913467,779.0,0.9310798645019531,0.9160048961639404,2026-04-30T05:52:21.480726+00:00
SR-MMP,pubchem,DecisionTree,smoten,f1_weighted,"{'ccp_alpha': 0.0, 'criterion': 'entropy', 'max_depth': 5, 'min_samples_leaf': 50}",0.388760272620601,1553,0.9401159047005796,0.9293248836515392,0.7023708695248988,0.7495275715348134,0.388760272620601,0.7889044943820225,0.788739463757422,0.7887394637574221,0.8631680422295165,0.8408067685641254,7120.0,0.8023106546854942,0.8252336484816827,0.6570361815021499,0.7561157881893608,0.3711054682658729,779.0,0.1614811420440673,0.1403567790985107,2026-04-22T11:24:30.393734+00:00
SR-MMP,pubchem,DecisionTree,smoten_enn,f1_weighted,"{'ccp_alpha': 0.01, 'criterion': 'entropy', 'max_depth': 10, 'min_samples_leaf': 10}",0.3846473010994975,1553,0.9446233097231166,0.935723674697732,0.7324130469626543,0.7442333247991417,0.3846473010994975,0.8060813832165747,0.8062630892194023,0.805915734953532,0.8744117982880244,0.8140715971854514,6709.0,0.8125802310654685,0.8314013791362749,0.6587761616743472,0.7571071254270376,0.3104076554385134,779.0,0.1791508197784423,0.1757159233093261,2026-04-22T11:24:32.340828+00:00
SR-MMP,rdkit,XGBoost,none,f1_weighted,"{'colsample_bytree': 0.8, 'learning_rate': 0.05, 'max_depth': 3, 'min_child_weight': 1, 'n_estimators': 100, 'scale_pos_weight': 8, 'subsample': 0.8}",0.5743115099062047,1553,0.952994204764971,0.9425064981878333,0.7521474404521158,0.8434981651487997,0.5743115099062047,0.7640165441176471,0.7898834092266643,0.7123108386722117,0.9373430583929179,0.7939169188976348,4352.0,0.772785622593068,0.8078131480882261,0.6619893362750506,0.8557223035627136,0.4003022155369358,779.0,1.6624681949615479,1.6627368927001953,2026-04-30T05:53:06.090637+00:00
SR-MMP,rdkit,BernoulliNB,random_over,f1_weighted,{'alpha': 0.1},0.625382276012592,1553,0.9510624597553125,0.9394576029708154,0.737136086662153,0.851224656498787,0.625382276012592,0.6419943820224719,0.6408665571891783,0.6408665571891783,0.7091220726549678,0.6658115451054555,7120.0,0.6957637997432606,0.7466921339364169,0.5868261864958677,0.772503355295266,0.2570876240665999,779.0,0.2406511306762695,0.20849609375,2026-04-21T14:40:39.427424+00:00
SR-MMP,rdkit,BernoulliNB,random_under,f1_weighted,{'alpha': 10.0},0.6304568238696621,1553,0.951706374758532,0.9404829802481212,0.7422030105641986,0.8560098996622898,0.6304568238696621,0.6637205387205387,0.6690442041511674,0.6347649925978512,0.7067674057494132,0.4964979764290813,2376.0,0.6919127086007703,0.7436432718514823,0.5838230580190191,0.7690794289897511,0.2519121292871485,779.0,0.0905649662017822,0.0594799518585205,2026-04-21T14:40:50.582741+00:00
SR-MMP,rdkit,DecisionTree,smote,f1_weighted,"{'ccp_alpha': 0.01, 'criterion': 'entropy', 'max_depth': 5, 'min_samples_leaf': 10}",0.2110379248337685,1553,0.9175788795878944,0.911759998645124,0.6547594236727662,0.705634395230606,0.2110379248337685,0.751123595505618,0.7485522959183674,0.7485522959183674,0.8200127824769601,0.7964884409828006,7120.0,0.6970474967907574,0.7425567494038271,0.5401784821017668,0.5983711566617863,0.1889196983732197,779.0,0.656872034072876,0.6219460964202881,2026-04-22T11:25:19.155905+00:00
SR-MMP,rdkit,DecisionTree,smoteenn,f1_weighted,"{'ccp_alpha': 0.01, 'criterion': 'entropy', 'max_depth': 5, 'min_samples_leaf': 10}",0.2021378193481697,1553,0.9207984546039922,0.9116702191963548,0.6428943988603669,0.6966734940199699,0.2021378193481697,0.7710359734444959,0.7709334299466171,0.7710316944311716,0.8501082380312234,0.7957458491157953,6477.0,0.7188703465982028,0.7564855900497276,0.5421152220298724,0.5873825646656905,0.1910365548599343,779.0,0.6114239692687988,0.6002237796783447,2026-04-22T11:25:31.711431+00:00
SR-MMP,rdkit,RandomForest,smoten,f1_weighted,"{'max_depth': 5, 'max_features': 'sqrt', 'min_samples_leaf': 5, 'n_estimators': 100}",0.2261833348273964,1553,0.933032839665164,0.906117607680996,0.5632072001903896,0.6253611791814491,0.2261833348273964,0.8570224719101124,0.8568705063702277,0.8568705063702278,0.9387129544880698,0.9330870365152474,7120.0,0.8382541720154044,0.8343983445130562,0.6080612701252236,0.7334065397755003,0.291197733568527,779.0,0.5092370510101318,0.35030198097229,2026-04-21T20:08:28.830911+00:00
SR-MMP,rdkit,DecisionTree,smoten_enn,f1_weighted,"{'ccp_alpha': 0.01, 'criterion': 'entropy', 'max_depth': 5, 'min_samples_leaf': 50}",0.2137554949243541,1553,0.9291693496458469,0.908748201744564,0.5941200509399175,0.6412774465698645,0.2137554949243541,0.8058483004304586,0.8055501958822465,0.8046981507929543,0.8758585673715222,0.826052234825488,6737.0,0.8023106546854942,0.8158131269286556,0.6072354635935044,0.5828300390434358,0.182115070280466,779.0,0.6351768970489502,0.5949711799621582,2026-04-22T11:26:08.544832+00:00
SR-MMP,topological_torsion,BalancedRandomForest,none,f1_weighted,"{'max_depth': 15, 'max_features': 'sqrt', 'min_samples_leaf': 10, 'n_estimators': 200}",0.5804497995102065,1553,0.951706374758532,0.9413678362505342,0.7484303218407189,0.838182582934055,0.5804497995102065,0.8017003676470589,0.8190802477152855,0.7327112925467907,0.8833180825104983,0.676909636240361,4352.0,0.7817715019255456,0.8143474207143737,0.6672546181832801,0.8624786481210347,0.4656970075451749,779.0,4.7366862297058105,5.228238821029663,2026-04-22T00:55:28.560264+00:00
SR-MMP,topological_torsion,RandomForest,random_over,f1_weighted,"{'max_depth': 15, 'max_features': 'log2', 'min_samples_leaf': 20, 'n_estimators': 100}",0.5485136157616058,1553,0.9497746297488732,0.9373786821438624,0.7268064952638701,0.8239944893505481,0.5485136157616058,0.7918539325842696,0.7917024625911532,0.7917024625911533,0.8733456160838278,0.8737325010213205,7120.0,0.810012836970475,0.8342145376926301,0.6830826406298105,0.8480966325036603,0.4542443022703238,779.0,0.4348180294036865,0.5140352249145508,2026-04-21T20:09:18.054528+00:00
SR-MMP,topological_torsion,RandomForest,random_under,f1_weighted,"{'max_depth': 10, 'max_features': 'sqrt', 'min_samples_leaf': 10, 'n_estimators': 200}",0.5510685522917346,1553,0.9504185447520928,0.9388958597214044,0.7353284241792439,0.8267863891835217,0.5510685522917346,0.813973063973064,0.8162540960126321,0.7961810140644323,0.8789899468166513,0.7951231702678051,2376.0,0.7740693196405648,0.8071191479615557,0.6506655251839621,0.8539531478770132,0.4798980390006828,779.0,0.5592339038848877,0.5031371116638184,2026-04-21T20:09:24.118657+00:00
SR-MMP,topological_torsion,DecisionTree,smote,f1_weighted,"{'ccp_alpha': 0.01, 'criterion': 'gini', 'max_depth': 5, 'min_samples_leaf': 10}",0.2315950076706311,1553,0.9323889246619448,0.9232369709419396,0.6854656242947498,0.6395614644672835,0.2315950076706311,0.664185393258427,0.664071675254447,0.6640716752544471,0.697688147014266,0.6368999675055018,7120.0,0.7432605905006419,0.7822933299936338,0.6138211382113821,0.690085102489019,0.2486985081556388,779.0,0.5811572074890137,0.5453460216522217,2026-04-22T11:26:38.037596+00:00
SR-MMP,topological_torsion,DecisionTree,smoteenn,f1_weighted,"{'ccp_alpha': 0.0, 'criterion': 'entropy', 'max_depth': 15, 'min_samples_leaf': 10}",0.2394292541379702,1553,0.9368963296844816,0.9247492224544878,0.6808868424584005,0.5201224046913671,0.2394292541379702,0.8319941563184806,0.8313325862877494,0.8307494716773294,0.9170834829750484,0.8822868882482486,6845.0,0.8446726572528883,0.8516508085286353,0.6735562520563128,0.6854486944851148,0.2934893954547468,779.0,0.8838999271392822,0.8442890644073486,2026-04-22T11:27:00.627371+00:00
SR-MMP,topological_torsion,DecisionTree,smoten,f1_weighted,"{'ccp_alpha': 0.0, 'criterion': 'entropy', 'max_depth': 10, 'min_samples_leaf': 10}",0.2803918829798202,1553,0.9311010946555056,0.9186856188248892,0.6575664842920879,0.6385343135462005,0.2803918829798202,0.8349719101123596,0.8344415125064041,0.8344415125064042,0.9047219811261203,0.8802434367823884,7120.0,0.8061617458279846,0.827012512244139,0.6546265983528341,0.7353205832113225,0.3315293359114309,779.0,0.7237279415130615,0.8165831565856934,2026-04-22T11:27:07.163905+00:00
SR-MMP,topological_torsion,DecisionTree,smoten_enn,f1_weighted,"{'ccp_alpha': 0.0, 'criterion': 'gini', 'max_depth': 10, 'min_samples_leaf': 10}",0.1626055208601856,1553,0.9259497746297488,0.9126060389239464,0.6319639784447673,0.5482456140350878,0.1626055208601856,0.8104921898025347,0.810082151070083,0.8103435116361877,0.8867817748350829,0.8310779742672847,6786.0,0.7779204107830552,0.803071937336158,0.6113323777689976,0.6583394338701805,0.2861933313057539,779.0,0.8889591693878174,0.87015700340271,2026-04-22T11:27:23.521311+00:00
SR-p53,atom_pair,RandomForest,none,f1_weighted,"{'max_depth': 5, 'max_features': 'sqrt', 'min_samples_leaf': 5, 'n_estimators': 100}",0.3258119934073563,1715,0.974927113702624,0.9674951043515254,0.6907823840931867,0.6953897107061986,0.3258119934073563,0.8369272237196765,0.8700633907793388,0.6410204856489157,0.8662300975860298,0.5175613831267216,5194.0,0.7633069082672707,0.8132727394613894,0.5627729011928877,0.7769667989895345,0.200001393630664,883.0,0.2368671894073486,0.23551607131958,2026-04-21T20:10:43.965570+00:00
SR-p53,atom_pair,RandomForest,random_over,f1_weighted,"{'max_depth': 5, 'max_features': 'log2', 'min_samples_leaf': 5, 'n_estimators': 100}",0.3326481765655052,1715,0.9731778425655976,0.9660884568184316,0.6823357922881165,0.7441379383319577,0.3326481765655052,0.7621900826446281,0.7617542948646205,0.7617542948646205,0.8443015120210368,0.8622369439359823,9680.0,0.7372593431483578,0.7952967611061353,0.5461361219425735,0.7686845904005775,0.1979396492435088,883.0,0.3011388778686523,0.4070010185241699,2026-04-21T20:11:02.968221+00:00
SR-p53,atom_pair,XGBoost,random_under,f1_weighted,"{'colsample_bytree': 0.8, 'learning_rate': 0.05, 'max_depth': 3, 'min_child_weight': 10, 'n_estimators': 200, 'scale_pos_weight': 1, 'subsample': 0.8}",0.27044738159440523,1715,0.9720116618075801,0.9651731277739821,0.6770548912531776,0.6905170042113729,0.27044738159440523,0.864406779661017,0.8597074693725185,0.8378185767129331,0.938445609499186,0.9040554363470622,1062.0,0.8357870894677236,0.8584795650577249,0.5894116402048533,0.7665914832190545,0.18746419072592027,883.0,0.6348302364349365,0.6135890483856201,2026-04-30T06:00:51.906952+00:00
SR-p53,atom_pair,LogisticRegression,smote,f1_weighted,"{'C': 0.001, 'l1_ratio': 1.0}",0.0332361516034985,1715,0.9667638483965014,0.9504265998466644,0.4915505484731693,0.5,0.0332361516034985,0.5,0.3333333333333333,0.3333333333333333,0.5,0.5,9680.0,0.9229898074745186,0.8860267292010987,0.4799764428739694,0.5,0.0770101925254813,883.0,0.2086150646209716,0.181859016418457,2026-04-21T09:08:28.960504+00:00
SR-p53,atom_pair,LogisticRegression,smoteenn,f1_weighted,"{'C': 0.001, 'l1_ratio': 1.0}",0.0332361516034985,1715,0.9667638483965014,0.9504265998466644,0.4915505484731693,0.5,0.0332361516034985,0.5031185031185031,0.3368040878414322,0.334716459197787,0.5,0.4968814968814969,9620.0,0.9229898074745186,0.8860267292010987,0.4799764428739694,0.5,0.0770101925254813,883.0,0.1836419105529785,0.184931993484497,2026-04-21T09:08:31.409846+00:00
SR-p53,atom_pair,RandomForest,smoten,f1_weighted,"{'max_depth': 5, 'max_features': 'sqrt', 'min_samples_leaf': 10, 'n_estimators': 100}",0.1310556857799288,1715,0.9685131195335276,0.9564474166289894,0.5701036096256684,0.6387054790172052,0.1310556857799288,0.8991735537190083,0.8990460598077894,0.8990460598077895,0.9572566551123556,0.9562339958603192,9680.0,0.8312570781426953,0.8541020351881177,0.5743449382548295,0.6434590400577408,0.1502461155977267,883.0,0.9330332279205322,0.8582701683044434,2026-04-21T20:12:09.707855+00:00
SR-p53,atom_pair,RandomForest,smoten_enn,f1_weighted,"{'max_depth': 5, 'max_features': 'sqrt', 'min_samples_leaf': 5, 'n_estimators': 200}",0.1201102869545166,1715,0.9673469387755104,0.9557060571499164,0.5674341512629265,0.6093845893382431,0.1201102869545166,0.9111017484727196,0.9109418703924064,0.911000639805328,0.9689869773446462,0.9632339111004028,9494.0,0.8210645526613817,0.8460378166271086,0.5545530012771392,0.6104204258390473,0.144997478062381,883.0,1.7832767963409424,1.6282150745391846,2026-04-21T20:12:09.744486+00:00
SR-p53,avalon,EasyEnsemble,none,f1_weighted,"{'n_estimators': 30, 'replacement': True}",0.3815381786218293,1715,0.9731778425655976,0.9680724332244106,0.712642422123146,0.7992190972001778,0.3815381786218293,0.7179437812860994,0.7875793852383874,0.5553226422421311,0.8492625601157957,0.3276890316090542,5194.0,0.665911664779162,0.743880493887285,0.5224253024661141,0.7705431252255504,0.1823168483310772,883.0,9.776270151138306,6.795815944671631,2026-04-22T00:58:47.190601+00:00
SR-p53,avalon,XGBoost,random_over,f1_weighted,"{'colsample_bytree': 0.8, 'learning_rate': 0.1, 'max_depth': 3, 'min_child_weight': 1, 'n_estimators': 100, 'scale_pos_weight': 1, 'subsample': 0.8}",0.4779142820463584,1715,0.9743440233236151,0.9675628717393696,0.6961472795799375,0.8567604173280003,0.4779142820463584,0.8994834710743802,0.8994725270563881,0.8994725270563881,0.9671145242811283,0.9655344748801181,9680.0,0.8233295583238958,0.85498619279948,0.618511133266866,0.7559455070371707,0.22524659727990418,883.0,0.7138650417327881,0.6850559711456299,2026-04-30T06:04:54.096147+00:00
SR-p53,avalon,XGBoost,random_under,f1_weighted,"{'colsample_bytree': 0.8, 'learning_rate': 0.1, 'max_depth': 7, 'min_child_weight': 5, 'n_estimators': 100, 'scale_pos_weight': 1, 'subsample': 0.8}",0.42686025413600914,1715,0.9743440233236151,0.9675628717393696,0.6961472795799375,0.8627917804160583,0.42686025413600914,0.9792843691148776,0.9792241840556447,0.9765609951845906,0.9977596635704937,0.995657095159889,1062.0,0.8176670441676104,0.8508069543102152,0.6104621691012267,0.7764976542764346,0.2727911862629764,883.0,0.15669894218444824,0.1522676944732666,2026-04-30T06:05:00.211350+00:00
SR-p53,avalon,LogisticRegression,smote,f1_weighted,"{'C': 0.001, 'l1_ratio': 1.0}",0.0332361516034985,1715,0.9667638483965014,0.9504265998466644,0.4915505484731693,0.5,0.0332361516034985,0.5,0.3333333333333333,0.3333333333333333,0.5,0.5,9680.0,0.9229898074745186,0.8860267292010987,0.4799764428739694,0.5,0.0770101925254813,883.0,0.0770940780639648,0.0591030120849609,2026-04-21T09:08:55.898219+00:00
SR-p53,avalon,LogisticRegression,smoteenn,f1_weighted,"{'C': 0.001, 'l1_ratio': 1.0}",0.0332361516034985,1715,0.9667638483965014,0.9504265998466644,0.4915505484731693,0.5,0.0332361516034985,0.5081364829396325,0.3424128893042564,0.3369300382875043,0.5,0.4918635170603674,9525.0,0.9229898074745186,0.8860267292010987,0.4799764428739694,0.5,0.0770101925254813,883.0,0.0751230716705322,0.0641407966613769,2026-04-21T09:08:57.264226+00:00
SR-p53,avalon,XGBoost,smoten,f1_weighted,"{'colsample_bytree': 0.8, 'learning_rate': 0.1, 'max_depth': 3, 'min_child_weight': 5, 'n_estimators': 100, 'scale_pos_weight': 1, 'subsample': 0.8}",0.25175537536431813,1715,0.9714285714285714,0.9623030708473705,0.6376380390584238,0.6505248344020486,0.25175537536431813,0.9452479338842975,0.9452383587322146,0.9452383587322146,0.9843587357420942,0.9859356394893823,9680.0,0.8652321630804077,0.8746459107106728,0.593363131518353,0.7161313605196679,0.22553144544949466,883.0,0.6978108882904053,0.6631119251251221,2026-04-30T06:05:46.094594+00:00
SR-p53,avalon,XGBoost,smoten_enn,f1_weighted,"{'colsample_bytree': 0.8, 'learning_rate': 0.05, 'max_depth': 3, 'min_child_weight': 10, 'n_estimators': 200, 'scale_pos_weight': 1, 'subsample': 0.8}",0.2685281956597261,1715,0.9714285714285714,0.9608673644334863,0.6157960909818265,0.6488265295325164,0.2685281956597261,0.9534687861880198,0.9534690615664416,0.9534687815468104,0.9910402242881902,0.9902767592426516,9499.0,0.8765571913929785,0.8807564450621304,0.5955889458933666,0.7002796824251173,0.22574813511316244,883.0,1.167855978012085,1.0980217456817627,2026-04-30T06:05:54.270152+00:00
SR-p53,erg,DecisionTree,none,f1_weighted,"{'ccp_alpha': 0.01, 'criterion': 'gini', 'max_depth': 5, 'min_samples_leaf': 10}",0.355728095749578,1715,0.97667638483965,0.9722368984560092,0.7501238453244747,0.6831947177956955,0.355728095749578,0.5231035810550635,0.6300725461768226,0.4252655561912438,0.7076609702572723,0.1363154544991668,5194.0,0.5345413363533409,0.6345513170861529,0.4405059778461254,0.6669252977264525,0.1150705998534802,883.0,0.0579380989074707,0.0545339584350585,2026-04-22T11:30:01.696351+00:00
SR-p53,erg,DecisionTree,random_over,f1_weighted,"{'ccp_alpha': 0.01, 'criterion': 'gini', 'max_depth': 5, 'min_samples_leaf': 10}",0.355728095749578,1715,0.97667638483965,0.9722368984560092,0.7501238453244747,0.6831947177956955,0.355728095749578,0.6619834710743802,0.6531123179332955,0.6531123179332955,0.7155564425244176,0.6664329722088622,9680.0,0.5345413363533409,0.6345513170861529,0.4405059778461254,0.6669252977264525,0.1150705998534802,883.0,0.1065669059753418,0.1049270629882812,2026-04-22T11:30:03.275554+00:00
SR-p53,erg,DecisionTree,random_under,f1_weighted,"{'ccp_alpha': 0.01, 'criterion': 'gini', 'max_depth': 5, 'min_samples_leaf': 10}",0.3373638177075341,1715,0.9760932944606414,0.9713411946036976,0.7407923500289381,0.6744016252936321,0.3373638177075341,0.5979284369114878,0.6070070650234383,0.5944037930562599,0.6824527594241757,0.4778171011572804,1062.0,0.551528878822197,0.6505106420874828,0.4462582189958572,0.6471761097076868,0.1104586584824875,883.0,0.0168418884277343,0.012437105178833,2026-04-22T11:30:06.901444+00:00
SR-p53,erg,LogisticRegression,smote,f1_weighted,"{'C': 0.01, 'l1_ratio': 1.0}",0.3625774826405161,1715,0.9755102040816328,0.9695264868022344,0.7174230298465305,0.683178845787569,0.3625774826405161,0.6398760330578512,0.6398070100090469,0.6398070100090469,0.6711812931152243,0.6434905532006654,9680.0,0.609286523216308,0.6998306545272347,0.4705544982924476,0.6590039696860339,0.1072000168249305,883.0,0.0582509040832519,0.0473992824554443,2026-04-21T09:09:03.447225+00:00
SR-p53,erg,LogisticRegression,smoteenn,f1_weighted,"{'C': 0.01, 'l1_ratio': 1.0}",0.3625774826405161,1715,0.9755102040816328,0.9695264868022344,0.7174230298465305,0.683178845787569,0.3625774826405161,0.6404385682038052,0.640555118165776,0.6403953387633652,0.6816502491560544,0.636118834163157,9303.0,0.609286523216308,0.6998306545272347,0.4705544982924476,0.6591302778780224,0.1072531913556097,883.0,0.0527679920196533,0.0466768741607666,2026-04-21T09:09:04.456409+00:00
SR-p53,erg,LogisticRegression,smoten,f1_weighted,"{'C': 0.001, 'l1_ratio': 0.0}",0.2604781644981308,1715,0.97201166180758,0.9640234278004576,0.6595195552908477,0.5932268850654985,0.2604781644981308,0.7553719008264462,0.7552632059966528,0.7552632059966528,0.8227040716139609,0.7862754245193762,9680.0,0.6976217440543602,0.7670739321123303,0.5211934369497535,0.643089137495489,0.1572941077156986,883.0,0.0405192375183105,0.0336310863494873,2026-04-21T09:09:05.192983+00:00
SR-p53,erg,LogisticRegression,smoten_enn,f1_weighted,"{'C': 0.01, 'l1_ratio': 1.0}",0.3478883880984887,1715,0.9760932944606414,0.9713411946036976,0.7407923500289381,0.6744122066323831,0.3478883880984887,0.5054491224044969,0.4471753506489024,0.4637048476152168,0.6570525316712036,0.5853645827995352,8717.0,0.3884484711211778,0.4831743317782959,0.3506645604096307,0.6621075424034645,0.1103408631288516,883.0,0.0365130901336669,0.0287950038909912,2026-04-21T09:09:06.110715+00:00
SR-p53,estate,BalancedRandomForest,none,f1_weighted,"{'max_depth': 5, 'max_features': 'sqrt', 'min_samples_leaf': 5, 'n_estimators': 200}",0.3048340653160045,1715,0.97201166180758,0.9657031099045614,0.6851477877730862,0.7798340846083847,0.3048340653160045,0.7691567192914902,0.8233966568897712,0.5793441392710263,0.8228127772330394,0.3578801989832901,5194.0,0.7032842582106456,0.7713878041717006,0.5291337621102337,0.7355738000721761,0.1971404648150148,883.0,1.0949947834014893,0.8399200439453125,2026-04-22T01:03:21.564785+00:00
SR-p53,estate,LogisticRegression,random_over,f1_weighted,"{'C': 0.01, 'l1_ratio': 1.0}",0.3298311680561949,1715,0.974927113702624,0.9680392088490896,0.6990749242025455,0.6572069498232918,0.3298311680561949,0.6257231404958677,0.620871779002658,0.620871779002658,0.6906204323475171,0.6827273899167987,9680.0,0.5186862967157417,0.6195786814387313,0.4325647573988475,0.7313334536268496,0.150118962562589,883.0,0.0228521823883056,0.0164928436279296,2026-04-21T09:09:07.330099+00:00
SR-p53,estate,LogisticRegression,random_under,f1_weighted,"{'C': 0.1, 'l1_ratio': 1.0}",0.3310738581146744,1715,0.974927113702624,0.9680392088490896,0.6990749242025455,0.6572175311620427,0.3310738581146744,0.5903954802259888,0.6009374053131622,0.5846411543050425,0.6574160522199879,0.4830794673000018,1062.0,0.5605889014722537,0.6575710331564225,0.4574449216424056,0.737432334897149,0.1505315238780085,883.0,0.0087478160858154,0.0025930404663085,2026-04-21T09:09:07.670898+00:00
SR-p53,estate,LogisticRegression,smote,f1_weighted,"{'C': 0.01, 'l1_ratio': 1.0}",0.3284944930353093,1715,0.9755102040816328,0.9699902211664913,0.7245043143014503,0.6571963684845408,0.3284944930353093,0.568801652892562,0.4976065750995875,0.4976065750995876,0.6952072518953624,0.6745609737694461,9680.0,0.3578708946772367,0.448531316842469,0.3273804485823106,0.7207055214723925,0.1457377992933891,883.0,0.0157711505889892,0.0117759704589843,2026-04-21T09:09:08.204174+00:00
SR-p53,estate,LogisticRegression,smoteenn,f1_weighted,"{'C': 0.01, 'l1_ratio': 1.0}",0.3284944930353093,1715,0.9755102040816328,0.9699902211664913,0.7245043143014503,0.6571963684845408,0.3284944930353093,0.5628604382929643,0.4917654372598087,0.4945515663767562,0.6950847824442188,0.6643758428998253,9537.0,0.3578708946772367,0.448531316842469,0.3273804485823106,0.7209400938289426,0.1463462006189527,883.0,0.0149569511413574,0.010545015335083,2026-04-21T09:09:08.749782+00:00
SR-p53,estate,LogisticRegression,smoten,f1_weighted,"{'C': 0.001, 'l1_ratio': 1.0}",0.0332361516034985,1715,0.9667638483965014,0.9504265998466644,0.4915505484731693,0.5,0.0332361516034985,0.5,0.3333333333333333,0.3333333333333333,0.5,0.5,9680.0,0.9229898074745186,0.8860267292010987,0.4799764428739694,0.5,0.0770101925254813,883.0,0.0147359371185302,0.0077660083770751,2026-04-21T09:09:09.019775+00:00
SR-p53,estate,LogisticRegression,smoten_enn,f1_weighted,"{'C': 0.001, 'l1_ratio': 1.0}",0.0332361516034985,1715,0.9667638483965014,0.9504265998466644,0.4915505484731693,0.5,0.0332361516034985,0.5150031921685465,0.3501356159707494,0.3399353841831718,0.5,0.4849968078314535,9398.0,0.9229898074745186,0.8860267292010987,0.4799764428739694,0.5,0.0770101925254813,883.0,0.0158300399780273,0.0090689659118652,2026-04-21T09:09:09.344595+00:00
SR-p53,fcfp,BalancedRandomForest,none,f1_weighted,"{'max_depth': 10, 'max_features': 'log2', 'min_samples_leaf': 10, 'n_estimators': 100}",0.2808266454815913,1715,0.9714285714285714,0.964166063444752,0.6660307998012915,0.7221869510930523,0.2808266454815913,0.7766653831343858,0.8276526592231519,0.5723748461269413,0.7782126931876546,0.3028634537959581,5194.0,0.6783691959229898,0.7530083819354747,0.5105932864949259,0.7073168531216167,0.149911524078617,883.0,1.182049036026001,1.136974811553955,2026-04-22T01:03:56.192091+00:00
SR-p53,fcfp,RandomForest,random_over,f1_weighted,"{'max_depth': 5, 'max_features': 'log2', 'min_samples_leaf': 10, 'n_estimators': 200}",0.3041468491191864,1715,0.9714285714285714,0.9623030708473704,0.6376380390584238,0.7548727064948257,0.3041468491191864,0.746797520661157,0.7422267121112566,0.7422267121112566,0.8563529002458847,0.8638586454177155,9680.0,0.7802944507361268,0.8227552506295339,0.5539567970670333,0.7326867556838687,0.1595271559355758,883.0,0.9172580242156982,0.7852938175201416,2026-04-21T20:15:33.022645+00:00
SR-p53,fcfp,RandomForest,random_under,f1_weighted,"{'max_depth': 10, 'max_features': 'sqrt', 'min_samples_leaf': 20, 'n_estimators': 200}",0.3339473157133512,1715,0.972594752186589,0.9644713931284116,0.6620179547065064,0.7131981038240958,0.3339473157133512,0.7062146892655368,0.7119047619047619,0.6839285714285714,0.7591847808739507,0.6094363779306426,1062.0,0.6545866364665912,0.7351217247851629,0.4915601418945834,0.7051515698303862,0.1926472161866916,883.0,0.8961551189422607,0.4936299324035644,2026-04-21T20:15:38.457181+00:00
SR-p53,fcfp,LogisticRegression,smote,f1_weighted,"{'C': 0.001, 'l1_ratio': 1.0}",0.0332361516034985,1715,0.9667638483965014,0.9504265998466644,0.4915505484731693,0.5,0.0332361516034985,0.5,0.3333333333333333,0.3333333333333333,0.5,0.5,9680.0,0.9229898074745186,0.8860267292010987,0.4799764428739694,0.5,0.0770101925254813,883.0,0.2446768283843994,0.2397522926330566,2026-04-21T09:09:10.804967+00:00
SR-p53,fcfp,LogisticRegression,smoteenn,f1_weighted,"{'C': 0.001, 'l1_ratio': 1.0}",0.0332361516034985,1715,0.9667638483965014,0.9504265998466644,0.4915505484731693,0.5,0.0332361516034985,0.5067532195581614,0.3408638152541868,0.336321311931068,0.5,0.4932467804418385,9551.0,0.9229898074745186,0.8860267292010987,0.4799764428739694,0.5,0.0770101925254813,883.0,0.2068443298339843,0.159722089767456,2026-04-21T09:09:11.268340+00:00
SR-p53,fcfp,DecisionTree,smoten,f1_weighted,"{'ccp_alpha': 0.0, 'criterion': 'entropy', 'max_depth': 10, 'min_samples_leaf': 10}",0.0938695955976183,1715,0.967930029154519,0.956905705359544,0.5813750160881587,0.5402249592618458,0.0938695955976183,0.906611570247934,0.9065834323431892,0.9065834323431892,0.9534529531794276,0.9313051230164316,9680.0,0.8221970554926388,0.8477280450691933,0.5630765642679072,0.5639931432695778,0.1358071235827993,883.0,1.6650760173797607,1.7308359146118164,2026-04-22T11:30:42.219503+00:00
SR-p53,fcfp,DecisionTree,smoten_enn,f1_weighted,"{'ccp_alpha': 0.0, 'criterion': 'entropy', 'max_depth': 10, 'min_samples_leaf': 50}",0.0963508952782543,1715,0.9685131195335276,0.9564474166289894,0.5701036096256684,0.569805091740207,0.0963508952782543,0.9077151021272092,0.9077167228369216,0.9077150514800308,0.9635272974722472,0.9451481248367212,9449.0,0.8380520951302378,0.8585415400212648,0.5802576248649547,0.5882443161313605,0.1269188552316237,883.0,1.7045118808746338,1.3548188209533691,2026-04-22T11:31:50.990030+00:00
SR-p53,klekota_roth,DecisionTree,none,f1_weighted,"{'ccp_alpha': 0.0, 'criterion': 'gini', 'max_depth': 5, 'min_samples_leaf': 10}",0.1897924308712167,1715,0.97201166180758,0.9620337632713568,0.6292292725110799,0.6017766067762893,0.1897924308712167,0.8161340007701193,0.8524730514834096,0.5847932789057086,0.7302715132838399,0.1676538793421657,5194.0,0.7474518686296716,0.7980687960343084,0.5049614722260631,0.5691356910862504,0.0942481489853481,883.0,0.2583150863647461,0.1967957019805908,2026-04-22T11:31:54.416097+00:00
SR-p53,klekota_roth,DecisionTree,random_over,f1_weighted,"{'ccp_alpha': 0.0, 'criterion': 'gini', 'max_depth': 5, 'min_samples_leaf': 10}",0.203658960369265,1715,0.972594752186589,0.9631739663981556,0.642265922838972,0.5940628108268258,0.203658960369265,0.6824380165289257,0.6732642509212212,0.6732642509212211,0.7330994083395944,0.6963156067486461,9680.0,0.7599093997734995,0.805970689047626,0.5093518693254493,0.5275802959220498,0.0844519463073106,883.0,1.250615119934082,1.0714099407196045,2026-04-22T11:31:57.317233+00:00
SR-p53,klekota_roth,XGBoost,random_under,f1_weighted,"{'colsample_bytree': 0.8, 'learning_rate': 0.05, 'max_depth': 3, 'min_child_weight': 5, 'n_estimators': 100, 'scale_pos_weight': 1, 'subsample': 0.8}",0.18655196843554686,1715,0.9685131195335277,0.9572879836802766,0.5828829315749648,0.6666507946585402,0.18655196843554686,0.775894538606403,0.74515130343582,0.6912745447705408,0.856556624852373,0.7814305865193366,1062.0,0.8754246885617214,0.8770511067026219,0.5733175188894746,0.7271382172500902,0.20108805963035498,883.0,0.9218840599060059,0.7475860118865967,2026-04-30T06:10:42.025429+00:00
SR-p53,klekota_roth,LogisticRegression,smote,f1_weighted,"{'C': 0.001, 'l1_ratio': 1.0}",0.0332361516034985,1715,0.9667638483965014,0.9504265998466644,0.4915505484731693,0.5,0.0332361516034985,0.5,0.3333333333333333,0.3333333333333333,0.5,0.5,9680.0,0.9229898074745186,0.8860267292010987,0.4799764428739694,0.5,0.0770101925254813,883.0,0.513272762298584,0.549462080001831,2026-04-21T09:09:20.423870+00:00
SR-p53,klekota_roth,LogisticRegression,smoteenn,f1_weighted,"{'C': 0.001, 'l1_ratio': 1.0}",0.0332361516034985,1715,0.9667638483965014,0.9504265998466644,0.4915505484731693,0.5,0.0332361516034985,0.5150579972331595,0.3501974723057515,0.3399592610802838,0.5,0.4849420027668404,9397.0,0.9229898074745186,0.8860267292010987,0.4799764428739694,0.5,0.0770101925254813,883.0,0.6159331798553467,0.3307371139526367,2026-04-21T09:09:27.330501+00:00
SR-p53,klekota_roth,LogisticRegression,smoten,f1_weighted,"{'C': 0.001, 'l1_ratio': 1.0}",0.0332361516034985,1715,0.9667638483965014,0.9504265998466644,0.4915505484731693,0.5,0.0332361516034985,0.5,0.3333333333333333,0.3333333333333333,0.5,0.5,9680.0,0.9229898074745186,0.8860267292010987,0.4799764428739694,0.5,0.0770101925254813,883.0,0.5633730888366699,0.3530488014221191,2026-04-21T09:09:28.819541+00:00
SR-p53,klekota_roth,LogisticRegression,smoten_enn,f1_weighted,"{'C': 0.001, 'l1_ratio': 1.0}",0.0332361516034985,1715,0.9667638483965014,0.9504265998466644,0.4915505484731693,0.5,0.0332361516034985,0.5134189031505251,0.3483489859463856,0.3392444101773323,0.5,0.4865810968494749,9427.0,0.9229898074745186,0.8860267292010987,0.4799764428739694,0.5,0.0770101925254813,883.0,0.4151229858398437,0.3611018657684326,2026-04-21T09:09:29.700315+00:00
SR-p53,maccs,BalancedRandomForest,none,f1_weighted,"{'max_depth': 5, 'max_features': 'sqrt', 'min_samples_leaf': 10, 'n_estimators': 100}",0.3970330250767703,1715,0.974927113702624,0.9680392088490896,0.6990749242025455,0.7895847882674116,0.3970330250767703,0.7420100115517906,0.8047243425672157,0.5663035892323032,0.8354581057104169,0.3464686863982389,5194.0,0.6896942242355606,0.7615828767696771,0.5239686137476193,0.7618278599783472,0.1956197193676068,883.0,0.4930620193481445,0.4861049652099609,2026-04-22T01:06:12.469817+00:00
SR-p53,maccs,DecisionTree,random_over,f1_weighted,"{'ccp_alpha': 0.01, 'criterion': 'gini', 'max_depth': 5, 'min_samples_leaf': 10}",0.256687938333228,1715,0.9743440233236152,0.9675628717393696,0.6961472795799375,0.6309758110596153,0.256687938333228,0.6569214876033058,0.655400991699435,0.655400991699435,0.6622210957243357,0.6069517657119954,9680.0,0.5889014722536806,0.6819259560998422,0.4744952413742223,0.6848249729339588,0.1234305760556402,883.0,0.0501468181610107,0.0420789718627929,2026-04-22T11:33:40.724746+00:00
SR-p53,maccs,DecisionTree,random_under,f1_weighted,"{'ccp_alpha': 0.01, 'criterion': 'entropy', 'max_depth': 5, 'min_samples_leaf': 50}",0.3659161764884943,1715,0.9760932944606414,0.9700165020660168,0.7205563835072032,0.7893572894842656,0.3659161764884943,0.5922787193973634,0.596924838293095,0.5916701223535137,0.7088520220881611,0.5091304932049225,1062.0,0.5537938844847112,0.6509692396842457,0.4568783564381166,0.7695687477444966,0.1737090346528103,883.0,0.0068178176879882,0.0038709640502929,2026-04-22T11:33:42.054038+00:00
SR-p53,maccs,LogisticRegression,smote,f1_weighted,"{'C': 0.001, 'l1_ratio': 0.0}",0.23973413517079,1715,0.9556851311953352,0.9526762447578776,0.6085885885885887,0.6793748545065922,0.23973413517079,0.7213842975206611,0.7213810594389656,0.7213810594389656,0.7942731883068096,0.7655323622964596,9680.0,0.6987542468856173,0.7673445844453771,0.5111596736596736,0.6825243594370263,0.1636470059579738,883.0,0.042734146118164,0.03761887550354,2026-04-21T09:09:34.075951+00:00
SR-p53,maccs,LogisticRegression,smoteenn,f1_weighted,"{'C': 0.001, 'l1_ratio': 0.0}",0.2384456642116101,1715,0.9527696793002915,0.950809443433657,0.6021052631578947,0.6801155482191606,0.2384456642116101,0.7252467367080547,0.725293945495359,0.7251634868035615,0.7970092039751651,0.7594360966833207,9423.0,0.695356738391846,0.7649012469859252,0.5089911587111604,0.6822536990256225,0.1623892618568224,883.0,0.0417561531066894,0.0343368053436279,2026-04-21T09:09:36.024443+00:00
SR-p53,maccs,XGBoost,smoten,f1_weighted,"{'colsample_bytree': 0.8, 'learning_rate': 0.05, 'max_depth': 3, 'min_child_weight': 1, 'n_estimators': 100, 'scale_pos_weight': 1, 'subsample': 0.8}",0.276477920762791,1715,0.9708454810495627,0.9625244039588099,0.645332870094633,0.6949664571561593,0.276477920762791,0.8835743801652892,0.8832616727332245,0.8832616727332246,0.9431033143227923,0.9302701653549996,9680.0,0.7882219705549264,0.8280699468410095,0.5599038361589902,0.7048267773367016,0.17950352392593483,883.0,0.22481918334960938,0.22129392623901367,2026-04-30T06:19:19.109045+00:00
SR-p53,maccs,XGBoost,smoten_enn,f1_weighted,"{'colsample_bytree': 0.8, 'learning_rate': 0.05, 'max_depth': 3, 'min_child_weight': 1, 'n_estimators': 100, 'scale_pos_weight': 1, 'subsample': 0.8}",0.26868656031313853,1715,0.9720116618075801,0.9627364908740754,0.6399202155579662,0.6708621674814298,0.26868656031313853,0.9034614163226421,0.9032474218353782,0.9033339855776221,0.956776227157021,0.9411088076015728,9447.0,0.7995469988674971,0.8356389718122011,0.5687013105281022,0.6909870083002525,0.1714175786248805,883.0,0.2272179126739502,0.23393797874450684,2026-04-30T06:19:30.416971+00:00
SR-p53,map4,DecisionTree,none,f1_weighted,"{'ccp_alpha': 0.01, 'criterion': 'gini', 'max_depth': 5, 'min_samples_leaf': 10}",0.1953509056086929,1715,0.9708454810495628,0.9642740728172516,0.6720289455969647,0.6277908280955706,0.1953509056086929,0.8117058144012322,0.8478056494514291,0.5636936143019846,0.6541474062660503,0.1162118338218967,5194.0,0.7893544733861835,0.8259538951326997,0.5351052989130435,0.6231053771201732,0.107623155968836,883.0,0.1915557384490966,0.1886887550354004,2026-04-22T11:33:51.526366+00:00
SR-p53,map4,XGBoost,random_over,f1_weighted,"{'colsample_bytree': 0.8, 'learning_rate': 0.1, 'max_depth': 3, 'min_child_weight': 1, 'n_estimators': 100, 'scale_pos_weight': 1, 'subsample': 0.8}",0.2873568947777331,1715,0.9690962099125364,0.9618417833589139,0.6479407857278421,0.7575392038600723,0.2873568947777331,0.9268595041322314,0.9268566940024845,0.9268566940024846,0.980128555938802,0.9802413629456453,9680.0,0.8527746319365799,0.8627164695246732,0.5532767745952678,0.6550252616383977,0.16586422135870413,883.0,1.464385986328125,1.4721767902374268,2026-04-30T06:19:49.190417+00:00
SR-p53,map4,RandomForest,random_under,f1_weighted,"{'max_depth': 15, 'max_features': 'sqrt', 'min_samples_leaf': 5, 'n_estimators': 100}",0.298807797825046,1715,0.970262390670554,0.9620930151465948,0.6430888635890656,0.7215943961229976,0.298807797825046,0.9651600753295668,0.9650718162221156,0.960608427073862,0.9867375275304032,0.9603351324728696,1062.0,0.8448471121177803,0.8608151390993192,0.5698854767771366,0.7151479610249009,0.179687950453316,883.0,0.2598068714141845,0.2052550315856933,2026-04-21T20:20:57.627186+00:00
SR-p53,map4,LogisticRegression,smote,f1_weighted,"{'C': 0.001, 'l1_ratio': 1.0}",0.0332361516034985,1715,0.9667638483965014,0.9504265998466644,0.4915505484731693,0.5,0.0332361516034985,0.5,0.3333333333333333,0.3333333333333333,0.5,0.5,9680.0,0.9229898074745186,0.8860267292010987,0.4799764428739694,0.5,0.0770101925254813,883.0,0.120150089263916,0.1009490489959716,2026-04-21T09:09:47.347678+00:00
SR-p53,map4,LogisticRegression,smoteenn,f1_weighted,"{'C': 0.001, 'l1_ratio': 1.0}",0.0332361516034985,1715,0.9667638483965014,0.9504265998466644,0.4915505484731693,0.5,0.0332361516034985,0.5039566847147022,0.3377389025227303,0.335087233453337,0.5,0.4960433152852977,9604.0,0.9229898074745186,0.8860267292010987,0.4799764428739694,0.5,0.0770101925254813,883.0,0.149064302444458,0.1105742454528808,2026-04-21T09:09:48.387125+00:00
SR-p53,map4,LogisticRegression,smoten,f1_weighted,"{'C': 0.001, 'l1_ratio': 1.0}",0.0332361516034985,1715,0.9667638483965014,0.9504265998466644,0.4915505484731693,0.5,0.0332361516034985,0.5,0.3333333333333333,0.3333333333333333,0.5,0.5,9680.0,0.9229898074745186,0.8860267292010987,0.4799764428739694,0.5,0.0770101925254813,883.0,0.125701904296875,0.1257693767547607,2026-04-21T09:09:52.931853+00:00
SR-p53,map4,LogisticRegression,smoten_enn,f1_weighted,"{'C': 0.001, 'l1_ratio': 1.0}",0.0332361516034985,1715,0.9667638483965014,0.9504265998466644,0.4915505484731693,0.5,0.0332361516034985,0.5078165984681565,0.3420544619839785,0.3367893674761673,0.5,0.4921834015318435,9531.0,0.9229898074745186,0.8860267292010987,0.4799764428739694,0.5,0.0770101925254813,883.0,0.1508259773254394,0.1060888767242431,2026-04-21T09:09:54.786283+00:00
SR-p53,mhfp,BernoulliNB,none,f1_weighted,{'alpha': 1.0},0.2138898382560785,1715,0.9661807580174928,0.9585579244680116,0.619553576892479,0.7385245381245635,0.2138898382560785,0.866576819407008,0.8894948200035955,0.6655075636282333,0.8803754027174673,0.4881576817647251,5194.0,0.8006795016987542,0.8353112125986836,0.5600996376811594,0.6617376398412125,0.1470414812885395,883.0,0.0605318546295166,0.0168778896331787,2026-04-21T14:43:25.841639+00:00
SR-p53,mhfp,XGBoost,random_over,f1_weighted,"{'colsample_bytree': 0.8, 'learning_rate': 0.1, 'max_depth': 3, 'min_child_weight': 1, 'n_estimators': 200, 'scale_pos_weight': 1, 'subsample': 0.8}",0.14780115275437677,1715,0.967930029154519,0.9576871203388851,0.5932671866982308,0.6267115315429708,0.14780115275437677,0.9944214876033057,0.9944213723424037,0.9944213723424038,0.9997709130182364,0.9997385748081126,9680.0,0.8912797281993206,0.8825662017133099,0.557115987460815,0.6474106820642367,0.1525458305191813,883.0,6.247003078460693,5.93847131729126,2026-04-30T06:23:23.880494+00:00
SR-p53,mhfp,RandomForest,random_under,f1_weighted,"{'max_depth': 5, 'max_features': 'log2', 'min_samples_leaf': 10, 'n_estimators': 200}",0.1336773664150042,1715,0.9638483965014576,0.9556998502933916,0.5933158925402362,0.6949188411317799,0.1336773664150042,0.987758945386064,0.987718796275381,0.9861395979218432,0.9994733314181748,0.9990215141729964,1062.0,0.8856172140430351,0.8790488740018981,0.5519455399532769,0.6646968603392277,0.1413184940859755,883.0,0.4524097442626953,0.3374233245849609,2026-04-21T20:22:26.412270+00:00
SR-p53,mhfp,KNeighbors,smote,f1_weighted,"{'n_neighbors': 5, 'weights': 'uniform'}",0.1048132377515307,1715,0.963265306122449,0.9539277958575382,0.5706110283159463,0.6839142488307621,0.1048132377515307,0.99400826446281,0.9940081291535894,0.9940081291535894,0.9984581184686838,0.9976687243733524,9680.0,0.9105322763306908,0.8881624980891059,0.5326258098664683,0.6084085167809455,0.1322777166779555,883.0,48.69684815406799,24.983175039291385,2026-04-24T11:54:36.988276+00:00
SR-p53,mhfp,KNeighbors,smoteenn,f1_weighted,"{'n_neighbors': 5, 'weights': 'uniform'}",0.102150274364446,1715,0.9638483965014576,0.9542931374509298,0.5718438939535483,0.6749941802636871,0.102150274364446,0.995342579176154,0.9953425185596224,0.995342542806235,0.9997721145507332,0.9995457408952184,9662.0,0.911664779161948,0.8888367911135403,0.5335762271101961,0.6158065680259834,0.1413031200421027,883.0,52.339723110198975,22.631107091903687,2026-04-24T11:56:11.040290+00:00
SR-p53,mhfp,KNeighbors,smoten,f1_weighted,"{'n_neighbors': 15, 'weights': 'uniform'}",0.1255788597875446,1715,0.9603498542274052,0.954061178748312,0.5944836986758651,0.7228641567731149,0.1255788597875446,0.978202479338843,0.9781921177181474,0.9781921177181474,0.999774007922956,0.9996131370418694,9680.0,0.8969422423556059,0.8891680274480653,0.5835186308200255,0.6595272464814146,0.1726567317991679,883.0,147.84869408607483,95.0723168849945,2026-04-24T11:56:17.885883+00:00
SR-p53,mhfp,KNeighbors,smoten_enn,f1_weighted,"{'n_neighbors': 15, 'weights': 'uniform'}",0.1255380552168103,1715,0.9603498542274052,0.954061178748312,0.5944836986758651,0.701198865680486,0.1255380552168103,0.9782112471467108,0.97820296926757,0.978204624843398,0.9998269122120444,0.9996805882927148,9638.0,0.8958097395243488,0.8874592766419219,0.5755694879832811,0.6593468062071455,0.1750856521672648,883.0,127.31611108779909,86.44676995277405,2026-04-24T12:01:12.915700+00:00
SR-p53,morgan_2048,BalancedRandomForest,none,f1_weighted,"{'max_depth': 10, 'max_features': 'sqrt', 'min_samples_leaf': 20, 'n_estimators': 100}",0.3235044267056114,1715,0.9731778425655976,0.9660884568184316,0.6823357922881165,0.781394832074154,0.3235044267056114,0.7512514439738159,0.810501440818853,0.5592769740449055,0.8044263902507354,0.3026094020774026,5194.0,0.6828992072480181,0.7560588430207812,0.50536963236824,0.6660501623962468,0.1638219262281149,883.0,1.6760728359222412,1.0759639739990234,2026-04-22T01:09:11.263880+00:00
SR-p53,morgan_2048,RandomForest,random_over,f1_weighted,"{'max_depth': 10, 'max_features': 'sqrt', 'min_samples_leaf': 20, 'n_estimators': 100}",0.377825078799941,1715,0.9737609329446064,0.9653803711863608,0.6672186072985524,0.7730408651302563,0.377825078799941,0.8143595041322315,0.8128582362323188,0.8128582362323189,0.913786092992282,0.916206554016448,9680.0,0.7938844847112118,0.8289023286918636,0.5382542236524538,0.6800162396246843,0.1373712508824422,883.0,1.8909707069396973,1.3850212097167969,2026-04-21T20:23:58.271284+00:00
SR-p53,morgan_2048,RandomForest,random_under,f1_weighted,"{'max_depth': 15, 'max_features': 'log2', 'min_samples_leaf': 10, 'n_estimators': 200}",0.363989564579771,1715,0.974927113702624,0.9680392088490896,0.6990749242025455,0.7584386176539055,0.363989564579771,0.7777777777777778,0.7809338160215353,0.7576580339738235,0.842595917520508,0.7239727409837824,1062.0,0.6987542468856173,0.767464871585952,0.5133716208376842,0.7016510285095634,0.1517354605809006,883.0,0.4182589054107666,0.3195309638977051,2026-04-21T20:23:59.727693+00:00
SR-p53,morgan_2048,LogisticRegression,smote,f1_weighted,"{'C': 0.001, 'l1_ratio': 1.0}",0.0332361516034985,1715,0.9667638483965014,0.9504265998466644,0.4915505484731693,0.5,0.0332361516034985,0.5,0.3333333333333333,0.3333333333333333,0.5,0.5,9680.0,0.9229898074745186,0.8860267292010987,0.4799764428739694,0.5,0.0770101925254813,883.0,0.2724127769470215,0.1285078525543213,2026-04-21T09:10:38.990192+00:00
SR-p53,morgan_2048,LogisticRegression,smoteenn,f1_weighted,"{'C': 0.001, 'l1_ratio': 1.0}",0.0332361516034985,1715,0.9667638483965014,0.9504265998466644,0.4915505484731693,0.5,0.0332361516034985,0.505271949055225,0.3392074670125929,0.3356682155489285,0.5,0.494728050944775,9579.0,0.9229898074745186,0.8860267292010987,0.4799764428739694,0.5,0.0770101925254813,883.0,0.174746036529541,0.1427171230316162,2026-04-21T09:10:39.400657+00:00
SR-p53,morgan_2048,XGBoost,smoten,f1_weighted,"{'colsample_bytree': 0.8, 'learning_rate': 0.1, 'max_depth': 7, 'min_child_weight': 5, 'n_estimators': 100, 'scale_pos_weight': 1, 'subsample': 0.8}",0.1599250854670429,1715,0.9667638483965014,0.9561484701693901,0.5784769025781664,0.6927761200347068,0.1599250854670429,0.9622933884297521,0.9622907480448518,0.9622907480448518,0.9900938076292604,0.99189919431814,9680.0,0.8969422423556059,0.8826906612721077,0.5392735300020068,0.5919974738361603,0.13660772554256204,883.0,3.0032050609588623,2.939793109893799,2026-04-30T06:31:23.828724+00:00
SR-p53,morgan_2048,XGBoost,smoten_enn,f1_weighted,"{'colsample_bytree': 0.8, 'learning_rate': 0.05, 'max_depth': 7, 'min_child_weight': 5, 'n_estimators': 200, 'scale_pos_weight': 1, 'subsample': 0.8}",0.13638903138280822,1715,0.9673469387755103,0.9557060571499165,0.5674341512629265,0.644033183078323,0.13638903138280822,0.9828167826270293,0.9828173574202825,0.9828107980149203,0.9970685704934129,0.9972209226153702,9486.0,0.9048697621744054,0.8848120798149903,0.5280718721368217,0.515310357271743,0.11740662650438287,883.0,5.278947830200195,5.246208190917969,2026-04-30T06:32:01.236479+00:00
SR-p53,morgan_4096,EasyEnsemble,none,f1_weighted,"{'n_estimators': 10, 'replacement': False}",0.4077518874844399,1715,0.9737609329446064,0.9659832487399684,0.6764001693998465,0.8120489704357395,0.4077518874844399,0.7246823257604929,0.7918128934532431,0.5416901968837435,0.7820180814306392,0.2562353382342012,5194.0,0.6443941109852774,0.7273825512342054,0.4852248759765915,0.6676380368098158,0.1388287585304669,883.0,39.6943621635437,12.030902862548828,2026-04-22T01:12:13.604541+00:00
SR-p53,morgan_4096,RandomForest,random_over,f1_weighted,"{'max_depth': 5, 'max_features': 'sqrt', 'min_samples_leaf': 5, 'n_estimators': 100}",0.3887161926147954,1715,0.97201166180758,0.9627364908740754,0.6399202155579662,0.7634964975768734,0.3887161926147954,0.7981404958677686,0.7956624353526441,0.795662435352644,0.8960433884297521,0.9039254299259136,9680.0,0.7916194790486977,0.8274287157896392,0.5366732826865603,0.679583182966438,0.1464078545402379,883.0,1.8524017333984375,0.8716533184051514,2026-04-21T20:26:00.410460+00:00
SR-p53,morgan_4096,RandomForest,random_under,f1_weighted,"{'max_depth': 5, 'max_features': 'log2', 'min_samples_leaf': 20, 'n_estimators': 200}",0.3561297049336693,1715,0.9737609329446064,0.9676015141726628,0.7010817992028848,0.714637165894229,0.3561297049336693,0.6638418079096046,0.6733449864929286,0.6557317654536787,0.7598471065147308,0.5955914983582815,1062.0,0.5979614949037373,0.6907160593533624,0.4635434047832969,0.6646156622158066,0.1395394043833108,883.0,0.4558889865875244,0.3953101634979248,2026-04-21T20:26:24.604800+00:00
SR-p53,morgan_4096,LogisticRegression,smote,f1_weighted,"{'C': 0.001, 'l1_ratio': 1.0}",0.0484711623440799,1715,0.9667638483965014,0.9504265998466644,0.4915505484731693,0.6247116585190359,0.0484711623440799,0.5,0.3333333333333333,0.3333333333333333,0.7358471074380165,0.6669706430140522,9680.0,0.9229898074745186,0.8860267292010987,0.4799764428739694,0.5089498376037531,0.078335677046002,883.0,0.4295690059661865,0.2642278671264648,2026-04-21T09:10:58.833285+00:00
SR-p53,morgan_4096,LogisticRegression,smoteenn,f1_weighted,"{'C': 0.001, 'l1_ratio': 1.0}",0.0484711623440799,1715,0.9667638483965014,0.9504265998466644,0.4915505484731693,0.6247116585190359,0.0484711623440799,0.5029093931837074,0.3365709987567953,0.3346238938053097,0.7385605254429364,0.6667215869200066,9624.0,0.9229898074745186,0.8860267292010987,0.4799764428739694,0.5089498376037531,0.078335677046002,883.0,0.3321170806884765,0.3646278381347656,2026-04-21T09:11:01.062796+00:00
SR-p53,morgan_4096,LogisticRegression,smoten,f1_weighted,"{'C': 0.1, 'l1_ratio': 0.0}",0.1990351590543959,1715,0.9690962099125364,0.9576728635709136,0.5844325065721796,0.6812265887880135,0.1990351590543959,0.9697314049586776,0.9697286108227218,0.9697286108227218,0.9946837434259956,0.9955944554319152,9680.0,0.8867497168742922,0.8797501246487017,0.5529566626164439,0.508164922410682,0.138755122375303,883.0,0.4238557815551758,0.3658819198608398,2026-04-21T09:11:02.053413+00:00
SR-p53,morgan_4096,XGBoost,smoten_enn,f1_weighted,"{'colsample_bytree': 0.8, 'learning_rate': 0.05, 'max_depth': 3, 'min_child_weight': 1, 'n_estimators': 200, 'scale_pos_weight': 1, 'subsample': 0.8}",0.21723309953959044,1715,0.9696793002915451,0.9571982353150111,0.572925446325952,0.7057329693352803,0.21723309953959044,0.9685660218671153,0.9685681397057077,0.9685614265569618,0.9911788976706668,0.9924896363365616,9512.0,0.8867497168742922,0.8765761458178336,0.531137164946264,0.5308462648863226,0.097877514316072,883.0,11.2185959815979,11.183245182037354,2026-04-30T06:38:17.453062+00:00
SR-p53,pubchem,EasyEnsemble,none,f1_weighted,"{'n_estimators': 10, 'replacement': False}",0.4001248090721718,1715,0.974927113702624,0.9680392088490896,0.6990749242025455,0.7621420862167482,0.4001248090721718,0.7187139006546015,0.7875410437765178,0.5375341093271926,0.7822106854368026,0.2317175451823147,5194.0,0.6557191392978482,0.736071647190841,0.5052127110521271,0.7427733670155179,0.1757040866918317,883.0,5.637377023696899,4.278854131698608,2026-04-22T01:13:06.080953+00:00
SR-p53,pubchem,XGBoost,random_over,f1_weighted,"{'colsample_bytree': 0.8, 'learning_rate': 0.1, 'max_depth': 3, 'min_child_weight': 1, 'n_estimators': 200, 'scale_pos_weight': 1, 'subsample': 0.8}",0.35612051539852024,1715,0.9737609329446064,0.966552660423466,0.6850784090491755,0.7200019046409751,0.35612051539852024,0.9018595041322314,0.9018502487534789,0.901850248753479,0.9648545821665186,0.9613516473570259,9680.0,0.8086070215175538,0.8427336314529482,0.5852328473949721,0.7710573800072177,0.25088429920244765,883.0,1.7816557884216309,1.7242810726165771,2026-04-30T06:40:58.657760+00:00
SR-p53,pubchem,DecisionTree,random_under,f1_weighted,"{'ccp_alpha': 0.0, 'criterion': 'entropy', 'max_depth': 5, 'min_samples_leaf': 50}",0.2842583192613955,1715,0.9737609329446064,0.9676015141726628,0.7010817992028848,0.6295632023363597,0.2842583192613955,0.6450094161958568,0.6551442024487971,0.6351011056133735,0.7211249960100864,0.5265675477260088,1062.0,0.5334088335220838,0.6354930323614157,0.4293933120020077,0.6417629014796102,0.1152437703870538,883.0,0.0246851444244384,0.0164971351623535,2026-04-22T11:44:21.941617+00:00
SR-p53,pubchem,BernoulliNB,smote,f1_weighted,{'alpha': 50.0},0.2819423953940254,1715,0.9731778425655976,0.9649236429265584,0.6645833333333333,0.6122415508010073,0.2819423953940254,0.6895661157024794,0.6863712375672752,0.6863712375672752,0.7688350992077043,0.7760341240002396,9680.0,0.6115515288788222,0.701878172279692,0.4651272858921491,0.6567123782028149,0.1559380114322264,883.0,0.1118867397308349,0.1085669994354248,2026-04-21T14:44:18.678982+00:00
SR-p53,pubchem,BernoulliNB,smoteenn,f1_weighted,{'alpha': 50.0},0.2821455627683914,1715,0.9743440233236152,0.9670214754837526,0.6878929256832771,0.6122891668253867,0.2821455627683914,0.703664700926706,0.7011184321035735,0.7015994520865882,0.7723311562792876,0.770605527566469,9496.0,0.6240090600226501,0.7116266874647051,0.4744876740617516,0.6560086611331649,0.1516540556359308,883.0,0.09995698928833,0.081536054611206,2026-04-21T14:44:20.353071+00:00
SR-p53,pubchem,DecisionTree,smoten,f1_weighted,"{'ccp_alpha': 0.01, 'criterion': 'gini', 'max_depth': 10, 'min_samples_leaf': 10}",0.1556451552411653,1715,0.9696793002915453,0.9616652120556184,0.6409013304126534,0.6347004422999598,0.1556451552411653,0.7673553719008265,0.7671346798813283,0.7671346798813283,0.8318025365412198,0.7785537388257946,9680.0,0.7078142695356738,0.7739623862227547,0.5192580400101292,0.6424666185492602,0.1184894338765472,883.0,0.6075100898742676,0.3983230590820312,2026-04-22T11:44:34.832246+00:00
SR-p53,pubchem,BernoulliNB,smoten_enn,f1_weighted,{'alpha': 50.0},0.2231849093445234,1715,0.9714285714285714,0.9608673644334864,0.6157960909818265,0.5592607876748565,0.2231849093445234,0.7367251956843665,0.7357557777080729,0.736070108357488,0.8283115168710393,0.8376351722191895,9454.0,0.681766704416761,0.7540244001650788,0.4800320208554682,0.6217430530494407,0.1445081826226372,883.0,0.1125679016113281,0.1050522327423095,2026-04-21T14:44:27.382286+00:00
SR-p53,rdkit,BalancedRandomForest,none,f1_weighted,"{'max_depth': 10, 'max_features': 'log2', 'min_samples_leaf': 10, 'n_estimators': 100}",0.4239138374946145,1715,0.9760932944606414,0.9695257572747134,0.7130714393559154,0.7956161513554696,0.4239138374946145,0.7703118983442434,0.8251205620950179,0.5946878858195032,0.8799543003221739,0.5104581061742155,5194.0,0.711211778029445,0.7769062265047477,0.5303044525798679,0.7407343919162758,0.1599436761239199,883.0,0.9867956638336182,0.9346129894256592,2026-04-22T01:13:26.687544+00:00
SR-p53,rdkit,RandomForest,random_over,f1_weighted,"{'max_depth': 5, 'max_features': 'sqrt', 'min_samples_leaf': 5, 'n_estimators': 200}",0.4266554147739546,1715,0.974927113702624,0.9674951043515254,0.6907823840931867,0.761168603051658,0.4266554147739546,0.8544421487603305,0.8539724398451027,0.8539724398451027,0.9275211734171164,0.9356051323018476,9680.0,0.8108720271800679,0.8439094840281202,0.5841307443913307,0.7735564778058462,0.1780529021433214,883.0,1.806362867355347,1.9983370304107664,2026-04-21T20:30:48.765623+00:00
SR-p53,rdkit,RandomForest,random_under,f1_weighted,"{'max_depth': 10, 'max_features': 'sqrt', 'min_samples_leaf': 10, 'n_estimators': 100}",0.4056507912175233,1715,0.9755102040816328,0.9685204993254002,0.7020796108794918,0.7850295219351151,0.4056507912175233,0.9058380414312618,0.9065699390741788,0.8957744488411532,0.9529349803696257,0.926929200220302,1062.0,0.7406568516421291,0.7978593165159407,0.5508637022920262,0.7698213641284735,0.1809076448746211,883.0,0.2713830471038818,0.2370290756225586,2026-04-21T20:30:49.599399+00:00
SR-p53,rdkit,LogisticRegression,smote,f1_weighted,"{'C': 0.001, 'l1_ratio': 1.0}",0.0332361516034985,1715,0.9667638483965014,0.9504265998466644,0.4915505484731693,0.5,0.0332361516034985,0.5,0.3333333333333333,0.3333333333333333,0.5,0.5,9680.0,0.9229898074745186,0.8860267292010987,0.4799764428739694,0.5,0.0770101925254813,883.0,0.2850520610809326,0.2275340557098388,2026-04-21T09:11:37.439897+00:00
SR-p53,rdkit,LogisticRegression,smoteenn,f1_weighted,"{'C': 0.001, 'l1_ratio': 1.0}",0.0332361516034985,1715,0.9667638483965014,0.9504265998466644,0.4915505484731693,0.5,0.0332361516034985,0.5202063628546861,0.3560235854378791,0.3421945701357466,0.5,0.4797936371453138,9304.0,0.9229898074745186,0.8860267292010987,0.4799764428739694,0.5,0.0770101925254813,883.0,0.2491939067840576,0.2248270511627197,2026-04-21T09:11:41.875347+00:00
SR-p53,rdkit,DecisionTree,smoten,f1_weighted,"{'ccp_alpha': 0.01, 'criterion': 'entropy', 'max_depth': 5, 'min_samples_leaf': 10}",0.1778768132310628,1715,0.9685131195335276,0.958823406913786,0.60625,0.6818826317905741,0.1778768132310628,0.8273760330578512,0.8273579752014351,0.8273579752014351,0.8686715815176559,0.8094609095099183,9680.0,0.8040770101925255,0.8341726158257732,0.5344203837186267,0.6702905088415735,0.1227562945979534,883.0,1.1940131187438965,1.1764917373657229,2026-04-22T11:46:12.415036+00:00
SR-p53,rdkit,XGBoost,smoten_enn,f1_weighted,"{'colsample_bytree': 0.8, 'learning_rate': 0.05, 'max_depth': 3, 'min_child_weight': 1, 'n_estimators': 100, 'scale_pos_weight': 1, 'subsample': 0.8}",0.11513403704392851,1715,0.9685131195335277,0.9572879836802766,0.5828829315749648,0.44998201172412333,0.11513403704392851,0.9254298069823859,0.9253731927978969,0.9254029189791985,0.9768324589848654,0.973593208909059,9481.0,0.8323895809739524,0.8480374913259656,0.5233433515216948,0.5909599422591122,0.13343601801534188,883.0,2.8468658924102783,3.465263843536377,2026-04-30T06:47:06.699391+00:00
SR-p53,topological_torsion,BalancedRandomForest,none,f1_weighted,"{'max_depth': 5, 'max_features': 'log2', 'min_samples_leaf': 20, 'n_estimators': 200}",0.3626500381705132,1715,0.974927113702624,0.9674951043515254,0.6907823840931867,0.7001883478297675,0.3626500381705132,0.7456680785521755,0.8066568265675347,0.5563407025081559,0.7619764672923379,0.2217222235015838,5194.0,0.7055492638731596,0.7729308196964559,0.5285909061042119,0.7009022013713461,0.1794098108329773,883.0,2.036250114440918,2.0984601974487305,2026-04-22T01:15:22.744886+00:00
SR-p53,topological_torsion,XGBoost,random_over,f1_weighted,"{'colsample_bytree': 0.8, 'learning_rate': 0.05, 'max_depth': 3, 'min_child_weight': 10, 'n_estimators': 100, 'scale_pos_weight': 1, 'subsample': 0.8}",0.3180404136952049,1715,0.9743440233236151,0.9664487019297515,0.6791666666666667,0.70583878272279,0.3180404136952049,0.7935950413223141,0.7933692307692308,0.7933692307692308,0.8827526082576327,0.8845467187430038,9680.0,0.7474518686296716,0.8022597871433362,0.5510848476972777,0.7076957776975821,0.1655393321536247,883.0,2.663811206817627,2.66166615486145,2026-04-30T06:47:51.032843+00:00
SR-p53,topological_torsion,RandomForest,random_under,f1_weighted,"{'max_depth': 5, 'max_features': 'sqrt', 'min_samples_leaf': 20, 'n_estimators': 100}",0.3527834556900058,1715,0.9743440233236152,0.9670214754837526,0.6878929256832771,0.6828032082619093,0.3527834556900058,0.7231638418079096,0.7288307716884036,0.7031116283846233,0.78006000829902,0.6406119041837658,1062.0,0.6976217440543602,0.7671683821710662,0.5232653837054353,0.7078671959581377,0.1742180193226913,883.0,0.2317349910736084,0.1993567943572998,2026-04-21T20:32:24.798479+00:00
SR-p53,topological_torsion,LogisticRegression,smote,f1_weighted,"{'C': 0.001, 'l1_ratio': 1.0}",0.0332361516034985,1715,0.9667638483965014,0.9504265998466644,0.4915505484731693,0.5,0.0332361516034985,0.5,0.3333333333333333,0.3333333333333333,0.5,0.5,9680.0,0.9229898074745186,0.8860267292010987,0.4799764428739694,0.5,0.0770101925254813,883.0,0.1576902866363525,0.1535680294036865,2026-04-21T09:11:59.282652+00:00
SR-p53,topological_torsion,LogisticRegression,smoteenn,f1_weighted,"{'C': 0.001, 'l1_ratio': 1.0}",0.0332361516034985,1715,0.9667638483965014,0.9504265998466644,0.4915505484731693,0.5,0.0332361516034985,0.505271949055225,0.3392074670125929,0.3356682155489285,0.5,0.494728050944775,9579.0,0.9229898074745186,0.8860267292010987,0.4799764428739694,0.5,0.0770101925254813,883.0,0.1454498767852783,0.1149430274963378,2026-04-21T09:12:00.090829+00:00
SR-p53,topological_torsion,LogisticRegression,smoten,f1_weighted,"{'C': 0.001, 'l1_ratio': 1.0}",0.0332361516034985,1715,0.9667638483965014,0.9504265998466644,0.4915505484731693,0.5,0.0332361516034985,0.5,0.3333333333333333,0.3333333333333333,0.5,0.5,9680.0,0.9229898074745186,0.8860267292010987,0.4799764428739694,0.5,0.0770101925254813,883.0,0.1589839458465576,0.1170058250427246,2026-04-21T09:12:00.545328+00:00
SR-p53,topological_torsion,LogisticRegression,smoten_enn,f1_weighted,"{'C': 0.001, 'l1_ratio': 1.0}",0.0332361516034985,1715,0.9667638483965014,0.9504265998466644,0.4915505484731693,0.5,0.0332361516034985,0.5103331927456769,0.3448774997052606,0.3378944428930466,0.5,0.489666807254323,9484.0,0.9229898074745186,0.8860267292010987,0.4799764428739694,0.5,0.0770101925254813,883.0,0.0936110019683837,0.0784399509429931,2026-04-21T09:12:03.782850+00:00
